time,log_return,horizon,true_volatility,predict_volatility
2022-04-22,0.6561359666193312,1,1.0470567,0.986046
2022-04-22,0.6561359666193312,3,1.2078298,0.970619
2022-04-22,0.6561359666193312,5,1.1685946,0.9584889
2022-04-22,0.6561359666193312,10,1.209128,0.960836
2022-04-22,0.6561359666193312,21,1.6942874,1.0315573
2022-04-25,-5.079619163174609,1,1.0299414,0.95291215
2022-04-25,-5.079619163174609,3,1.218122,0.967329
2022-04-25,-5.079619163174609,5,1.1680324,0.95068294
2022-04-25,-5.079619163174609,10,1.3312389,0.9530636
2022-04-25,-5.079619163174609,21,1.702445,1.0292823
2022-04-26,2.2939933496784803,1,1.2078298,1.208574
2022-04-26,2.2939933496784803,3,1.1685946,1.2147704
2022-04-26,2.2939933496784803,5,1.1775519,1.2074096
2022-04-26,2.2939933496784803,10,1.3587226,1.2029995
2022-04-26,2.2939933496784803,21,1.7473522,1.2799852
2022-04-27,0.9224178704575259,1,1.218122,1.1771364
2022-04-27,0.9224178704575259,3,1.1680324,1.1880374
2022-04-27,0.9224178704575259,5,1.184259,1.1932796
2022-04-27,0.9224178704575259,10,1.3632066,1.1977341
2022-04-27,0.9224178704575259,21,1.747271,1.2544403
2022-04-28,-0.2055635974311798,1,1.1685946,1.0782168
2022-04-28,-0.2055635974311798,3,1.1775519,1.0970631
2022-04-28,-0.2055635974311798,5,1.1778363,1.1070656
2022-04-28,-0.2055635974311798,10,1.4737799,1.102074
2022-04-28,-0.2055635974311798,21,1.7558432,1.1416917
2022-04-29,1.16345842328327,1,1.1680324,1.082372
2022-04-29,1.16345842328327,3,1.184259,1.099689
2022-04-29,1.16345842328327,5,1.209128,1.1095122
2022-04-29,1.16345842328327,10,1.5584806,1.1024531
2022-04-29,1.16345842328327,21,1.7577063,1.2039863
2022-05-04,-1.3345904922960727,1,1.1775519,1.0654981
2022-05-04,-1.3345904922960727,3,1.1778363,1.0747919
2022-05-04,-1.3345904922960727,5,1.3312389,1.0665828
2022-05-04,-1.3345904922960727,10,1.559286,1.0656989
2022-05-04,-1.3345904922960727,21,1.7464601,1.130533
2022-05-05,0.8858238453572476,1,1.184259,1.1213923
2022-05-05,0.8858238453572476,3,1.209128,1.1317998
2022-05-05,0.8858238453572476,5,1.3587226,1.1457521
2022-05-05,0.8858238453572476,10,1.6811677,1.1374534
2022-05-05,0.8858238453572476,21,1.748988,1.234553
2022-05-06,-2.336217837629029,1,1.1778363,1.0618801
2022-05-06,-2.336217837629029,3,1.3312389,1.0729249
2022-05-06,-2.336217837629029,5,1.3632066,1.075167
2022-05-06,-2.336217837629029,10,1.6899089,1.0906531
2022-05-06,-2.336217837629029,21,1.7505301,1.1724143
2022-05-09,-4.590475331426713,1,1.209128,1.2118003
2022-05-09,-4.590475331426713,3,1.3587226,1.231734
2022-05-09,-4.590475331426713,5,1.4737799,1.2461109
2022-05-09,-4.590475331426713,10,1.6881058,1.2357072
2022-05-09,-4.590475331426713,21,1.7404318,1.3002167
2022-05-10,1.8680464244134498,1,1.3312389,1.2275116
2022-05-10,1.8680464244134498,3,1.3632066,1.2510245
2022-05-10,1.8680464244134498,5,1.5584806,1.2629578
2022-05-10,1.8680464244134498,10,1.688276,1.2446738
2022-05-10,1.8680464244134498,21,1.7408828,1.3230796
2022-05-11,0.6142388170186308,1,1.3587226,1.2407534
2022-05-11,0.6142388170186308,3,1.4737799,1.2525846
2022-05-11,0.6142388170186308,5,1.559286,1.2693733
2022-05-11,0.6142388170186308,10,1.6942874,1.2926401
2022-05-11,0.6142388170186308,21,1.7397546,1.3768339
2022-05-12,-4.936503760551503,1,1.3632066,1.1369209
2022-05-12,-4.936503760551503,3,1.5584806,1.120985
2022-05-12,-4.936503760551503,5,1.6811677,1.1689556
2022-05-12,-4.936503760551503,10,1.702445,1.1517249
2022-05-12,-4.936503760551503,21,1.7482843,1.2600551
2022-05-13,-4.631631277746706,1,1.4737799,1.2348993
2022-05-13,-4.631631277746706,3,1.559286,1.2473541
2022-05-13,-4.631631277746706,5,1.6899089,1.2710168
2022-05-13,-4.631631277746706,10,1.7473522,1.2839543
2022-05-13,-4.631631277746706,21,1.7413857,1.3331795
2022-05-16,-0.9190117001666387,1,1.5584806,1.3608606
2022-05-16,-0.9190117001666387,3,1.6811677,1.3853347
2022-05-16,-0.9190117001666387,5,1.6881058,1.4258289
2022-05-16,-0.9190117001666387,10,1.747271,1.4324778
2022-05-16,-0.9190117001666387,21,1.7523538,1.5064367
2022-05-17,4.701905914520754,1,1.559286,1.3764927
2022-05-17,4.701905914520754,3,1.6899089,1.4082274
2022-05-17,4.701905914520754,5,1.688276,1.4349022
2022-05-17,4.701905914520754,10,1.7558432,1.4633453
2022-05-17,4.701905914520754,21,1.8358208,1.5410066
2022-05-18,1.0036007820346526,1,1.6811677,1.4047775
2022-05-18,1.0036007820346526,3,1.6881058,1.4491935
2022-05-18,1.0036007820346526,5,1.6942874,1.4775755
2022-05-18,1.0036007820346526,10,1.7577063,1.4832679
2022-05-18,1.0036007820346526,21,1.836392,1.5538439
2022-05-19,0.07089913284419325,1,1.6899089,1.4129112
2022-05-19,0.07089913284419325,3,1.688276,1.4420907
2022-05-19,0.07089913284419325,5,1.702445,1.4987452
2022-05-19,0.07089913284419325,10,1.7464601,1.5140164
2022-05-19,0.07089913284419325,21,1.8381385,1.5868496
2022-05-20,-0.07492900223668997,1,1.6881058,1.6181092
2022-05-20,-0.07492900223668997,3,1.6942874,1.6376411
2022-05-20,-0.07492900223668997,5,1.7473522,1.6680908
2022-05-20,-0.07492900223668997,10,1.748988,1.6858902
2022-05-20,-0.07492900223668997,21,1.8402169,1.7109387
2022-05-23,-1.7808823512999616,1,1.688276,1.5788918
2022-05-23,-1.7808823512999616,3,1.702445,1.6108822
2022-05-23,-1.7808823512999616,5,1.747271,1.644506
2022-05-23,-1.7808823512999616,10,1.7505301,1.6602854
2022-05-23,-1.7808823512999616,21,1.8433323,1.6671512
2022-05-24,1.1883395216718107,1,1.6942874,1.6270268
2022-05-24,1.1883395216718107,3,1.7473522,1.6640707
2022-05-24,1.1883395216718107,5,1.7558432,1.6813564
2022-05-24,1.1883395216718107,10,1.7404318,1.7045662
2022-05-24,1.1883395216718107,21,1.8756742,1.6992037
2022-05-25,2.8021547143124437,1,1.702445,1.5758557
2022-05-25,2.8021547143124437,3,1.747271,1.6049658
2022-05-25,2.8021547143124437,5,1.7577063,1.6250043
2022-05-25,2.8021547143124437,10,1.7408828,1.6129398
2022-05-25,2.8021547143124437,21,1.8759161,1.6294564
2022-05-26,0.011036657480634204,1,1.7473522,1.6739175
2022-05-26,0.011036657480634204,3,1.7558432,1.7013642
2022-05-26,0.011036657480634204,5,1.7464601,1.7193462
2022-05-26,0.011036657480634204,10,1.7397546,1.7054349
2022-05-26,0.011036657480634204,21,1.8751901,1.7122103
2022-05-27,1.321856977390734,1,1.747271,1.7454677
2022-05-27,1.321856977390734,3,1.7577063,1.7857618
2022-05-27,1.321856977390734,5,1.748988,1.7873273
2022-05-27,1.321856977390734,10,1.7482843,1.7919372
2022-05-27,1.321856977390734,21,1.892067,1.7874086
2022-05-30,0.6567518769462488,1,1.7558432,1.6202569
2022-05-30,0.6567518769462488,3,1.7464601,1.650919
2022-05-30,0.6567518769462488,5,1.7505301,1.6423154
2022-05-30,0.6567518769462488,10,1.7413857,1.6879666
2022-05-30,0.6567518769462488,21,1.8839724,1.6509955
2022-05-31,-0.09587876710668297,1,1.7577063,1.7176731
2022-05-31,-0.09587876710668297,3,1.748988,1.7383075
2022-05-31,-0.09587876710668297,5,1.7404318,1.7681379
2022-05-31,-0.09587876710668297,10,1.7523538,1.8016398
2022-05-31,-0.09587876710668297,21,1.8986034,1.7744675
2022-06-01,0.5277382821487819,1,1.7464601,1.7709694
2022-06-01,0.5277382821487819,3,1.7505301,1.8101916
2022-06-01,0.5277382821487819,5,1.7408828,1.8070414
2022-06-01,0.5277382821487819,10,1.8358208,1.8108109
2022-06-01,0.5277382821487819,21,1.9090345,1.7793357
2022-06-02,-0.8423087193674128,1,1.748988,1.7446287
2022-06-02,-0.8423087193674128,3,1.7404318,1.7683427
2022-06-02,-0.8423087193674128,5,1.7397546,1.7765441
2022-06-02,-0.8423087193674128,10,1.836392,1.8174049
2022-06-02,-0.8423087193674128,21,1.8926219,1.7619209
2022-06-03,-0.04967787108300925,1,1.7505301,1.6479099
2022-06-03,-0.04967787108300925,3,1.7408828,1.6702898
2022-06-03,-0.04967787108300925,5,1.7482843,1.6574113
2022-06-03,-0.04967787108300925,10,1.8381385,1.6676896
2022-06-03,-0.04967787108300925,21,1.896421,1.6169094
2022-06-06,0.15748706702281012,1,1.7404318,1.6542692
2022-06-06,0.15748706702281012,3,1.7397546,1.6838506
2022-06-06,0.15748706702281012,5,1.7413857,1.6908367
2022-06-06,0.15748706702281012,10,1.8402169,1.6884921
2022-06-06,0.15748706702281012,21,1.897515,1.6194241
2022-06-07,0.10382125084165139,1,1.7408828,1.6838903
2022-06-07,0.10382125084165139,3,1.7482843,1.7171104
2022-06-07,0.10382125084165139,5,1.7523538,1.7249907
2022-06-07,0.10382125084165139,10,1.8433323,1.7567929
2022-06-07,0.10382125084165139,21,1.8960567,1.7467237
2022-06-08,1.2742260538288086,1,1.7397546,1.7176154
2022-06-08,1.2742260538288086,3,1.7413857,1.7420537
2022-06-08,1.2742260538288086,5,1.8358208,1.7437944
2022-06-08,1.2742260538288086,10,1.8756742,1.785505
2022-06-08,1.2742260538288086,21,1.8948212,1.7226062
2022-06-09,-0.008410718318518917,1,1.7482843,1.6237438
2022-06-09,-0.008410718318518917,3,1.7523538,1.6570427
2022-06-09,-0.008410718318518917,5,1.836392,1.6421638
2022-06-09,-0.008410718318518917,10,1.8759161,1.6645342
2022-06-09,-0.008410718318518917,21,1.914134,1.6558493
2022-06-10,-1.8303827522213822,1,1.7413857,1.6076803
2022-06-10,-1.8303827522213822,3,1.8358208,1.6443284
2022-06-10,-1.8303827522213822,5,1.8381385,1.6445258
2022-06-10,-1.8303827522213822,10,1.8751901,1.6560011
2022-06-10,-1.8303827522213822,21,1.9202219,1.6756431
2022-06-13,-4.543774358841279,1,1.7523538,1.7529156
2022-06-13,-4.543774358841279,3,1.836392,1.7756431
2022-06-13,-4.543774358841279,5,1.8402169,1.7977176
2022-06-13,-4.543774358841279,10,1.892067,1.7921804
2022-06-13,-4.543774358841279,21,1.9076424,1.7346125
2022-06-14,0.2661405115378379,1,1.8358208,2.0133343
2022-06-14,0.2661405115378379,3,1.8381385,2.0439322
2022-06-14,0.2661405115378379,5,1.8433323,2.0869598
2022-06-14,0.2661405115378379,10,1.8839724,2.105011
2022-06-14,0.2661405115378379,21,1.9118376,1.9757056
2022-06-15,-1.3403139800951536,1,1.836392,1.9349225
2022-06-15,-1.3403139800951536,3,1.8402169,1.9843887
2022-06-15,-1.3403139800951536,5,1.8756742,1.9890884
2022-06-15,-1.3403139800951536,10,1.8986034,2.0092502
2022-06-15,-1.3403139800951536,21,1.9289469,1.9019755
2022-06-16,1.852690756714992,1,1.8381385,1.8822436
2022-06-16,1.852690756714992,3,1.8433323,1.9170692
2022-06-16,1.852690756714992,5,1.8759161,1.9354668
2022-06-16,1.852690756714992,10,1.9090345,1.9098673
2022-06-16,1.852690756714992,21,1.9201623,1.7874612
2022-06-17,-1.5754646482575296,1,1.8402169,1.9621165
2022-06-17,-1.5754646482575296,3,1.8756742,1.9889474
2022-06-17,-1.5754646482575296,5,1.8751901,2.0182397
2022-06-17,-1.5754646482575296,10,1.8926219,1.9746076
2022-06-17,-1.5754646482575296,21,1.9144106,1.9257543
2022-06-20,-3.0781927346766658,1,1.8433323,1.9552314
2022-06-20,-3.0781927346766658,3,1.8759161,1.9920197
2022-06-20,-3.0781927346766658,5,1.892067,2.0200677
2022-06-20,-3.0781927346766658,10,1.896421,1.9870827
2022-06-20,-3.0781927346766658,21,1.9072868,1.9278382
2022-06-21,-0.6740729429630221,1,1.8756742,1.9304135
2022-06-21,-0.6740729429630221,3,1.8751901,1.9687424
2022-06-21,-0.6740729429630221,5,1.8839724,1.964991
2022-06-21,-0.6740729429630221,10,1.897515,1.9744278
2022-06-21,-0.6740729429630221,21,1.9045436,1.850417
2022-06-22,-0.2733012197620788,1,1.8759161,1.9753213
2022-06-22,-0.2733012197620788,3,1.892067,2.003772
2022-06-22,-0.2733012197620788,5,1.8986034,2.0101259
2022-06-22,-0.2733012197620788,10,1.8960567,2.008312
2022-06-22,-0.2733012197620788,21,1.901635,1.9182543
2022-06-23,1.6632065008781005,1,1.8751901,2.115642
2022-06-23,1.6632065008781005,3,1.8839724,2.1468537
2022-06-23,1.6632065008781005,5,1.9090345,2.1459706
2022-06-23,1.6632065008781005,10,1.8948212,2.1076734
2022-06-23,1.6632065008781005,21,1.8056691,1.9665725
2022-06-24,-0.2863931605931569,1,1.892067,2.0946832
2022-06-24,-0.2863931605931569,3,1.8986034,2.106602
2022-06-24,-0.2863931605931569,5,1.8926219,2.102071
2022-06-24,-0.2863931605931569,10,1.914134,2.0899487
2022-06-24,-0.2863931605931569,21,1.778726,1.9502804
2022-06-27,1.452104400005716,1,1.8839724,2.0583596
2022-06-27,1.452104400005716,3,1.9090345,2.0640059
2022-06-27,1.452104400005716,5,1.896421,2.0635011
2022-06-27,1.452104400005716,10,1.9202219,2.0304615
2022-06-27,1.452104400005716,21,1.7728943,1.8524604
2022-06-28,1.2623467861473614,1,1.8986034,1.9556234
2022-06-28,1.2623467861473614,3,1.8926219,1.9658854
2022-06-28,1.2623467861473614,5,1.897515,1.959284
2022-06-28,1.2623467861473614,10,1.9076424,1.9158134
2022-06-28,1.2623467861473614,21,1.7733587,1.7997504
2022-06-29,-0.0008209540307113627,1,1.9090345,1.9421883
2022-06-29,-0.0008209540307113627,3,1.896421,1.9568284
2022-06-29,-0.0008209540307113627,5,1.8960567,1.9734278
2022-06-29,-0.0008209540307113627,10,1.9118376,1.9656935
2022-06-29,-0.0008209540307113627,21,1.7642863,1.8391898
2022-06-30,-1.6964504060188013,1,1.8926219,1.9466686
2022-06-30,-1.6964504060188013,3,1.897515,1.9624982
2022-06-30,-1.6964504060188013,5,1.8948212,1.9836484
2022-06-30,-1.6964504060188013,10,1.9289469,1.9504855
2022-06-30,-1.6964504060188013,21,1.7609239,1.7786467
2022-07-01,0.1084915608189796,1,1.896421,1.8448029
2022-07-01,0.1084915608189796,3,1.8960567,1.8590847
2022-07-01,0.1084915608189796,5,1.914134,1.8660185
2022-07-01,0.1084915608189796,10,1.9201623,1.8026329
2022-07-01,0.1084915608189796,21,1.7678232,1.6661105
2022-07-04,-0.28148680271948834,1,1.897515,1.8697982
2022-07-04,-0.28148680271948834,3,1.8948212,1.8796337
2022-07-04,-0.28148680271948834,5,1.9202219,1.8992066
2022-07-04,-0.28148680271948834,10,1.9144106,1.8523932
2022-07-04,-0.28148680271948834,21,1.7457736,1.722195
2022-07-05,-1.198254001791721,1,1.8960567,1.8299415
2022-07-05,-1.198254001791721,3,1.914134,1.827156
2022-07-05,-1.198254001791721,5,1.9076424,1.8199848
2022-07-05,-1.198254001791721,10,1.9072868,1.7181191
2022-07-05,-1.198254001791721,21,1.6704218,1.5342197
2022-07-06,-2.7184307263713237,1,1.8948212,2.166765
2022-07-06,-2.7184307263713237,3,1.9202219,2.1655304
2022-07-06,-2.7184307263713237,5,1.9118376,2.159991
2022-07-06,-2.7184307263713237,10,1.9045436,2.0221434
2022-07-06,-2.7184307263713237,21,1.6557729,1.7636006
2022-07-07,1.4567912603247635,1,1.914134,2.1687322
2022-07-07,1.4567912603247635,3,1.9076424,2.184666
2022-07-07,1.4567912603247635,5,1.9289469,2.1816497
2022-07-07,1.4567912603247635,10,1.901635,2.0842998
2022-07-07,1.4567912603247635,21,1.65605,1.8977649
2022-07-08,0.413211355376486,1,1.9202219,1.9518342
2022-07-08,0.413211355376486,3,1.9118376,1.9482625
2022-07-08,0.413211355376486,5,1.9201623,1.9165463
2022-07-08,0.413211355376486,10,1.8056691,1.7663143
2022-07-08,0.413211355376486,21,1.5305414,1.5594791
2022-07-11,-1.3771385870692043,1,1.9076424,1.9590049
2022-07-11,-1.3771385870692043,3,1.9289469,1.9570976
2022-07-11,-1.3771385870692043,5,1.9144106,1.9334941
2022-07-11,-1.3771385870692043,10,1.778726,1.767479
2022-07-11,-1.3771385870692043,21,1.4058726,1.5608718
2022-07-12,1.6763549662779376,1,1.9118376,1.9982522
2022-07-12,1.6763549662779376,3,1.9201623,1.9827628
2022-07-12,1.6763549662779376,5,1.9072868,1.9413747
2022-07-12,1.6763549662779376,10,1.7728943,1.7940795
2022-07-12,1.6763549662779376,21,1.3999009,1.6573079
2022-07-13,-0.07663683881986572,1,1.9289469,2.1705344
2022-07-13,-0.07663683881986572,3,1.9144106,2.157486
2022-07-13,-0.07663683881986572,5,1.9045436,2.0848846
2022-07-13,-0.07663683881986572,10,1.7733587,1.964577
2022-07-13,-0.07663683881986572,21,1.2663372,1.8239019
2022-07-14,0.7003156685748912,1,1.9201623,2.0839217
2022-07-14,0.7003156685748912,3,1.9072868,2.0765946
2022-07-14,0.7003156685748912,5,1.901635,2.026238
2022-07-14,0.7003156685748912,10,1.7642863,1.9286408
2022-07-14,0.7003156685748912,21,1.2604095,1.7555435
2022-07-15,-0.2473089487061486,1,1.9144106,2.0207276
2022-07-15,-0.2473089487061486,3,1.9045436,1.9759097
2022-07-15,-0.2473089487061486,5,1.8056691,1.8785278
2022-07-15,-0.2473089487061486,10,1.7609239,1.7092166
2022-07-15,-0.2473089487061486,21,1.2612987,1.4421146
2022-07-18,-0.23432138205832231,1,1.9072868,1.8988807
2022-07-18,-0.23432138205832231,3,1.901635,1.8467221
2022-07-18,-0.23432138205832231,5,1.778726,1.7937473
2022-07-18,-0.23432138205832231,10,1.7678232,1.6344643
2022-07-18,-0.23432138205832231,21,1.2654037,1.3911117
2022-07-19,0.1562752460460004,1,1.9045436,2.1176126
2022-07-19,0.1562752460460004,3,1.8056691,2.0489674
2022-07-19,0.1562752460460004,5,1.7728943,1.9564588
2022-07-19,0.1562752460460004,10,1.7457736,1.7412664
2022-07-19,0.1562752460460004,21,1.2483306,1.4476538
2022-07-20,1.332807920603507,1,1.901635,2.0004926
2022-07-20,1.332807920603507,3,1.778726,1.9314692
2022-07-20,1.332807920603507,5,1.7733587,1.8683311
2022-07-20,1.332807920603507,10,1.6704218,1.7149929
2022-07-20,1.332807920603507,21,1.239875,1.4676027
2022-07-21,0.3619482261756346,1,1.8056691,1.901756
2022-07-21,0.3619482261756346,3,1.7728943,1.8667471
2022-07-21,0.3619482261756346,5,1.7642863,1.8244021
2022-07-21,0.3619482261756346,10,1.6557729,1.6629684
2022-07-21,0.3619482261756346,21,1.1871783,1.3473732
2022-07-22,-0.31004148969273615,1,1.778726,1.7530899
2022-07-22,-0.31004148969273615,3,1.7733587,1.7209506
2022-07-22,-0.31004148969273615,5,1.7609239,1.6694665
2022-07-22,-0.31004148969273615,10,1.65605,1.5129385
2022-07-22,-0.31004148969273615,21,1.1873059,1.2670021
2022-07-25,-0.5253320574863274,1,1.7728943,1.9507055
2022-07-25,-0.5253320574863274,3,1.7642863,1.9047334
2022-07-25,-0.5253320574863274,5,1.7678232,1.8619967
2022-07-25,-0.5253320574863274,10,1.5305414,1.6695874
2022-07-25,-0.5253320574863274,21,1.1756856,1.434978
2022-07-26,-0.2890163245725219,1,1.7733587,1.8383167
2022-07-26,-0.2890163245725219,3,1.7609239,1.7890399
2022-07-26,-0.2890163245725219,5,1.7457736,1.7419997
2022-07-26,-0.2890163245725219,10,1.4058726,1.5465125
2022-07-26,-0.2890163245725219,21,1.1754,1.3510071
2022-07-27,0.50250304593078,1,1.7642863,1.7465987
2022-07-27,0.50250304593078,3,1.7678232,1.7000439
2022-07-27,0.50250304593078,5,1.6704218,1.6073444
2022-07-27,0.50250304593078,10,1.3999009,1.409375
2022-07-27,0.50250304593078,21,1.1805611,1.2057624
2022-07-28,1.4238557295605858,1,1.7609239,1.9251177
2022-07-28,1.4238557295605858,3,1.7457736,1.8775532
2022-07-28,1.4238557295605858,5,1.6557729,1.8037263
2022-07-28,1.4238557295605858,10,1.2663372,1.5838063
2022-07-28,1.4238557295605858,21,1.180337,1.3240321
2022-07-29,-0.14827396118750613,1,1.7678232,1.7300456
2022-07-29,-0.14827396118750613,3,1.6704218,1.6820548
2022-07-29,-0.14827396118750613,5,1.65605,1.6260191
2022-07-29,-0.14827396118750613,10,1.2604095,1.4727111
2022-07-29,-0.14827396118750613,21,1.1815729,1.3319943
2022-08-01,2.0528435764822994,1,1.7457736,1.6325278
2022-08-01,2.0528435764822994,3,1.6557729,1.5915997
2022-08-01,2.0528435764822994,5,1.5305414,1.5307842
2022-08-01,2.0528435764822994,10,1.2612987,1.3841119
2022-08-01,2.0528435764822994,21,1.1832323,1.228963
2022-08-02,0.830585008425544,1,1.6704218,1.6481044
2022-08-02,0.830585008425544,3,1.65605,1.606308
2022-08-02,0.830585008425544,5,1.4058726,1.5256534
2022-08-02,0.830585008425544,10,1.2654037,1.3778898
2022-08-02,0.830585008425544,21,1.1887871,1.2364054
2022-08-03,0.6534554315346774,1,1.6557729,1.6509295
2022-08-03,0.6534554315346774,3,1.5305414,1.6057178
2022-08-03,0.6534554315346774,5,1.3999009,1.5136062
2022-08-03,0.6534554315346774,10,1.2483306,1.3850372
2022-08-03,0.6534554315346774,21,1.1920503,1.266176
2022-08-04,0.35065194021894897,1,1.65605,1.6985023
2022-08-04,0.35065194021894897,3,1.4058726,1.6439179
2022-08-04,0.35065194021894897,5,1.2663372,1.5857508
2022-08-04,0.35065194021894897,10,1.239875,1.4300097
2022-08-04,0.35065194021894897,21,1.1802738,1.285808
2022-08-05,-0.1124899894837661,1,1.5305414,1.6107554
2022-08-05,-0.1124899894837661,3,1.3999009,1.5620251
2022-08-05,-0.1124899894837661,5,1.2604095,1.501066
2022-08-05,-0.1124899894837661,10,1.1871783,1.398644
2022-08-05,-0.1124899894837661,21,1.1805786,1.3071132
2022-08-08,0.3195871203345746,1,1.4058726,1.3281064
2022-08-08,0.3195871203345746,3,1.2663372,1.2779053
2022-08-08,0.3195871203345746,5,1.2612987,1.2304054
2022-08-08,0.3195871203345746,10,1.1873059,1.1605523
2022-08-08,0.3195871203345746,21,1.1573219,1.1103289
2022-08-09,0.16695821973389258,1,1.3999009,1.3317649
2022-08-09,0.16695821973389258,3,1.2604095,1.2843008
2022-08-09,0.16695821973389258,5,1.2654037,1.2158461
2022-08-09,0.16695821973389258,10,1.1756856,1.1312714
2022-08-09,0.16695821973389258,21,1.0572898,1.0585263
2022-08-10,-0.18685277863772498,1,1.2663372,1.3002899
2022-08-10,-0.18685277863772498,3,1.2612987,1.3106549
2022-08-10,-0.18685277863772498,5,1.2483306,1.2709084
2022-08-10,-0.18685277863772498,10,1.1754,1.2348462
2022-08-10,-0.18685277863772498,21,1.0607058,1.1801728
2022-08-11,-0.3531896343408114,1,1.2604095,1.295238
2022-08-11,-0.3531896343408114,3,1.2654037,1.2889194
2022-08-11,-0.3531896343408114,5,1.239875,1.235037
2022-08-11,-0.3531896343408114,10,1.1805611,1.2099192
2022-08-11,-0.3531896343408114,21,1.0557939,1.1574221
2022-08-12,0.8161037977338026,1,1.2612987,1.362339
2022-08-12,0.8161037977338026,3,1.2483306,1.3469753
2022-08-12,0.8161037977338026,5,1.1871783,1.2951509
2022-08-12,0.8161037977338026,10,1.180337,1.2842264
2022-08-12,0.8161037977338026,21,1.0293155,1.1633526
2022-08-15,0.9359311064811138,1,1.2654037,1.3348806
2022-08-15,0.9359311064811138,3,1.239875,1.2958617
2022-08-15,0.9359311064811138,5,1.1873059,1.2327344
2022-08-15,0.9359311064811138,10,1.1815729,1.2118839
2022-08-15,0.9359311064811138,21,1.0083733,1.0708754
2022-08-16,0.038448109258215624,1,1.2483306,1.3085442
2022-08-16,0.038448109258215624,3,1.1871783,1.2947426
2022-08-16,0.038448109258215624,5,1.1756856,1.2527494
2022-08-16,0.038448109258215624,10,1.1832323,1.2315805
2022-08-16,0.038448109258215624,21,0.9273707,1.1177309
2022-08-17,0.046275055042155344,1,1.239875,1.2518036
2022-08-17,0.046275055042155344,3,1.1873059,1.235141
2022-08-17,0.046275055042155344,5,1.1754,1.1719396
2022-08-17,0.046275055042155344,10,1.1887871,1.1535262
2022-08-17,0.046275055042155344,21,0.92290187,1.0202714
2022-08-18,-0.12711167921759525,1,1.1871783,1.132978
2022-08-18,-0.12711167921759525,3,1.1756856,1.1364858
2022-08-18,-0.12711167921759525,5,1.1805611,1.1040659
2022-08-18,-0.12711167921759525,10,1.1920503,1.1074045
2022-08-18,-0.12711167921759525,21,0.93127936,1.003118
2022-08-19,-0.3523622906101309,1,1.1873059,1.2815654
2022-08-19,-0.3523622906101309,3,1.1754,1.2633463
2022-08-19,-0.3523622906101309,5,1.180337,1.2225735
2022-08-19,-0.3523622906101309,10,1.1802738,1.1452243
2022-08-19,-0.3523622906101309,21,0.9593537,0.96126074
2022-08-22,-0.6918090059627957,1,1.1756856,1.1798575
2022-08-22,-0.6918090059627957,3,1.1805611,1.1736042
2022-08-22,-0.6918090059627957,5,1.1815729,1.1476158
2022-08-22,-0.6918090059627957,10,1.1805786,1.0711472
2022-08-22,-0.6918090059627957,21,0.96852726,0.9224798
2022-08-23,0.8201559855774754,1,1.1754,1.1782196
2022-08-23,0.8201559855774754,3,1.180337,1.176866
2022-08-23,0.8201559855774754,5,1.1832323,1.1560527
2022-08-23,0.8201559855774754,10,1.1573219,1.074013
2022-08-23,0.8201559855774754,21,0.9554424,0.96405834
2022-08-24,0.49843704176923964,1,1.1805611,1.2365296
2022-08-24,0.49843704176923964,3,1.1815729,1.2258426
2022-08-24,0.49843704176923964,5,1.1887871,1.2001867
2022-08-24,0.49843704176923964,10,1.0572898,1.1095778
2022-08-24,0.49843704176923964,21,0.94252634,0.99934775
2022-08-25,0.9134761341777597,1,1.180337,1.1841967
2022-08-25,0.9134761341777597,3,1.1832323,1.1723044
2022-08-25,0.9134761341777597,5,1.1920503,1.1569146
2022-08-25,0.9134761341777597,10,1.0607058,1.0640664
2022-08-25,0.9134761341777597,21,0.9501752,0.97920823
2022-08-26,-0.4907746730602902,1,1.1815729,1.1928425
2022-08-26,-0.4907746730602902,3,1.1887871,1.1647674
2022-08-26,-0.4907746730602902,5,1.1802738,1.1426669
2022-08-26,-0.4907746730602902,10,1.0557939,1.042889
2022-08-26,-0.4907746730602902,21,0.97617877,0.9666494
2022-08-29,-0.9219254056766601,1,1.1832323,1.1811206
2022-08-29,-0.9219254056766601,3,1.1920503,1.14681
2022-08-29,-0.9219254056766601,5,1.1805786,1.109982
2022-08-29,-0.9219254056766601,10,1.0293155,1.004699
2022-08-29,-0.9219254056766601,21,0.9793557,0.93680245
2022-08-30,0.6736778426303047,1,1.1887871,1.2241979
2022-08-30,0.6736778426303047,3,1.1802738,1.1909907
2022-08-30,0.6736778426303047,5,1.1573219,1.1374946
2022-08-30,0.6736778426303047,10,1.0083733,1.0299754
2022-08-30,0.6736778426303047,21,1.0099752,0.9506805
2022-08-31,0.0875034236855754,1,1.1920503,1.2297952
2022-08-31,0.0875034236855754,3,1.1805786,1.1964948
2022-08-31,0.0875034236855754,5,1.0572898,1.1319779
2022-08-31,0.0875034236855754,10,0.9273707,1.0242397
2022-08-31,0.0875034236855754,21,1.0173928,0.9473886
2022-09-05,-0.2470816704302159,1,1.1802738,1.1914232
2022-09-05,-0.2470816704302159,3,1.1573219,1.1474266
2022-09-05,-0.2470816704302159,5,1.0607058,1.0874013
2022-09-05,-0.2470816704302159,10,0.92290187,0.9789591
2022-09-05,-0.2470816704302159,21,0.9604196,0.8606756
2022-09-06,0.0039142773270661735,1,1.1805786,1.1889763
2022-09-06,0.0039142773270661735,3,1.0572898,1.142457
2022-09-06,0.0039142773270661735,5,1.0557939,1.0702815
2022-09-06,0.0039142773270661735,10,0.93127936,0.9456654
2022-09-06,0.0039142773270661735,21,1.0752867,0.8562153
2022-09-07,-2.7162193079401042,1,1.1573219,1.2030399
2022-09-07,-2.7162193079401042,3,1.0607058,1.1513157
2022-09-07,-2.7162193079401042,5,1.0293155,1.0919881
2022-09-07,-2.7162193079401042,10,0.9593537,0.97541517
2022-09-07,-2.7162193079401042,21,1.0761741,0.8072598
2022-09-08,-0.6917538088292652,1,1.0572898,1.1078699
2022-09-08,-0.6917538088292652,3,1.0557939,1.0864081
2022-09-08,-0.6917538088292652,5,1.0083733,1.048558
2022-09-08,-0.6917538088292652,10,0.96852726,1.0158749
2022-09-08,-0.6917538088292652,21,1.1115133,0.98945004
2022-09-09,1.1420043738420205,1,1.0607058,1.0464633
2022-09-09,1.1420043738420205,3,1.0293155,1.0106705
2022-09-09,1.1420043738420205,5,0.9273707,0.98188686
2022-09-09,1.1420043738420205,10,0.9554424,0.9350427
2022-09-09,1.1420043738420205,21,1.1385957,0.9100377
2022-09-12,0.06724303807645882,1,1.0557939,1.0678375
2022-09-12,0.06724303807645882,3,1.0083733,1.0420021
2022-09-12,0.06724303807645882,5,0.92290187,0.9878302
2022-09-12,0.06724303807645882,10,0.94252634,0.95363015
2022-09-12,0.06724303807645882,21,1.2239928,0.92350966
2022-09-13,-0.09767736823551587,1,1.0293155,0.93316513
2022-09-13,-0.09767736823551587,3,0.9273707,0.91526973
2022-09-13,-0.09767736823551587,5,0.93127936,0.888911
2022-09-13,-0.09767736823551587,10,0.9501752,0.8497491
2022-09-13,-0.09767736823551587,21,1.223181,0.8723672
2022-09-14,-0.6130576776296692,1,1.0083733,0.95995605
2022-09-14,-0.6130576776296692,3,0.92290187,0.93691665
2022-09-14,-0.6130576776296692,5,0.9593537,0.90405744
2022-09-14,-0.6130576776296692,10,0.97617877,0.88596946
2022-09-14,-0.6130576776296692,21,1.2954667,0.8827928
2022-09-15,0.39333552961844376,1,0.9273707,0.88223416
2022-09-15,0.39333552961844376,3,0.93127936,0.87681025
2022-09-15,0.39333552961844376,5,0.96852726,0.8520189
2022-09-15,0.39333552961844376,10,0.9793557,0.8395619
2022-09-15,0.39333552961844376,21,1.3537178,0.8033319
2022-09-16,-0.9380273563547092,1,0.92290187,0.90757
2022-09-16,-0.9380273563547092,3,0.9593537,0.8973388
2022-09-16,-0.9380273563547092,5,0.9554424,0.8784434
2022-09-16,-0.9380273563547092,10,1.0099752,0.8504736
2022-09-16,-0.9380273563547092,21,1.371739,0.8225195
2022-09-19,-2.3448886609740427,1,0.93127936,0.90890807
2022-09-19,-2.3448886609740427,3,0.96852726,0.9055921
2022-09-19,-2.3448886609740427,5,0.94252634,0.91038275
2022-09-19,-2.3448886609740427,10,1.0173928,0.85701835
2022-09-19,-2.3448886609740427,21,1.3666428,0.8413506
2022-09-20,1.1137074971089511,1,0.9593537,0.95183414
2022-09-20,1.1137074971089511,3,0.9554424,0.95549804
2022-09-20,1.1137074971089511,5,0.9501752,0.9374085
2022-09-20,1.1137074971089511,10,0.9604196,0.8983812
2022-09-20,1.1137074971089511,21,1.3682388,0.8803559
2022-09-21,-0.689862294347332,1,0.96852726,0.9590906
2022-09-21,-0.689862294347332,3,0.94252634,0.95032305
2022-09-21,-0.689862294347332,5,0.97617877,0.9334929
2022-09-21,-0.689862294347332,10,1.0752867,0.896807
2022-09-21,-0.689862294347332,21,1.3791962,0.87322325
2022-09-22,0.34223309353844655,1,0.9554424,0.91789645
2022-09-22,0.34223309353844655,3,0.9501752,0.9149822
2022-09-22,0.34223309353844655,5,0.9793557,0.9068864
2022-09-22,0.34223309353844655,10,1.0761741,0.8792638
2022-09-22,0.34223309353844655,21,1.378654,0.90432936
2022-09-23,-0.9445971359268057,1,0.94252634,0.88123053
2022-09-23,-0.9445971359268057,3,0.97617877,0.8740836
2022-09-23,-0.9445971359268057,5,1.0099752,0.85987204
2022-09-23,-0.9445971359268057,10,1.1115133,0.80748934
2022-09-23,-0.9445971359268057,21,1.3786021,0.7680575
2022-09-26,-2.433635832492431,1,0.9501752,0.9178273
2022-09-26,-2.433635832492431,3,0.9793557,0.9066367
2022-09-26,-2.433635832492431,5,1.0173928,0.8975495
2022-09-26,-2.433635832492431,10,1.1385957,0.86058396
2022-09-26,-2.433635832492431,21,1.4475077,0.8606009
2022-09-27,-0.6672700535513165,1,0.97617877,0.92081416
2022-09-27,-0.6672700535513165,3,1.0099752,0.91326565
2022-09-27,-0.6672700535513165,5,0.9604196,0.89492697
2022-09-27,-0.6672700535513165,10,1.2239928,0.8397683
2022-09-27,-0.6672700535513165,21,1.483837,0.79978335
2022-09-28,-1.9843432558898755,1,0.9793557,0.8968592
2022-09-28,-1.9843432558898755,3,1.0173928,0.88797337
2022-09-28,-1.9843432558898755,5,1.0752867,0.8765748
2022-09-28,-1.9843432558898755,10,1.223181,0.83100384
2022-09-28,-1.9843432558898755,21,1.496105,0.79996026
2022-09-29,-1.5464975197571285,1,1.0099752,0.97324985
2022-09-29,-1.5464975197571285,3,0.9604196,0.9556665
2022-09-29,-1.5464975197571285,5,1.0761741,0.92062
2022-09-29,-1.5464975197571285,10,1.2954667,0.8972871
2022-09-29,-1.5464975197571285,21,1.4639965,0.8582562
2022-09-30,0.5349453456950037,1,1.0173928,0.9988869
2022-09-30,0.5349453456950037,3,1.0752867,0.9736306
2022-09-30,0.5349453456950037,5,1.1115133,0.9393206
2022-09-30,0.5349453456950037,10,1.3537178,0.92272174
2022-09-30,0.5349453456950037,21,1.5352025,0.8986274
2022-10-03,-4.1176852209114045,1,0.9604196,0.96765447
2022-10-03,-4.1176852209114045,3,1.0761741,0.9775261
2022-10-03,-4.1176852209114045,5,1.1385957,0.9609671
2022-10-03,-4.1176852209114045,10,1.371739,0.97950244
2022-10-03,-4.1176852209114045,21,1.5304042,1.022521
2022-10-04,-0.7668961811468478,1,1.0752867,1.1107483
2022-10-04,-0.7668961811468478,3,1.1115133,1.1418839
2022-10-04,-0.7668961811468478,5,1.2239928,1.1387124
2022-10-04,-0.7668961811468478,10,1.3666428,1.1457344
2022-10-04,-0.7668961811468478,21,1.5286968,1.1874107
2022-10-05,2.3938093189521226,1,1.0761741,1.0404689
2022-10-05,2.3938093189521226,3,1.1385957,1.0465363
2022-10-05,2.3938093189521226,5,1.223181,1.0417366
2022-10-05,2.3938093189521226,10,1.3682388,1.0406512
2022-10-05,2.3938093189521226,21,1.5327561,1.0976686
2022-10-06,-2.7301377138083893,1,1.1115133,1.0452871
2022-10-06,-2.7301377138083893,3,1.2239928,1.0592873
2022-10-06,-2.7301377138083893,5,1.2954667,1.0533437
2022-10-06,-2.7301377138083893,10,1.3791962,1.0709856
2022-10-06,-2.7301377138083893,21,1.5330802,1.1082727
2022-10-07,-3.6593782758941096,1,1.1385957,1.0948136
2022-10-07,-3.6593782758941096,3,1.223181,1.1022675
2022-10-07,-3.6593782758941096,5,1.3537178,1.1186917
2022-10-07,-3.6593782758941096,10,1.378654,1.1308208
2022-10-07,-3.6593782758941096,21,1.5316461,1.1216009
2022-10-10,0.6322222377736608,1,1.2239928,1.055531
2022-10-10,0.6322222377736608,3,1.2954667,1.0687872
2022-10-10,0.6322222377736608,5,1.371739,1.0704455
2022-10-10,0.6322222377736608,10,1.3786021,1.0761088
2022-10-10,0.6322222377736608,21,1.550558,1.0538485
2022-10-11,-3.5421630779431723,1,1.223181,1.108242
2022-10-11,-3.5421630779431723,3,1.3537178,1.1350439
2022-10-11,-3.5421630779431723,5,1.3666428,1.1540253
2022-10-11,-3.5421630779431723,10,1.4475077,1.1709137
2022-10-11,-3.5421630779431723,21,1.5683626,1.1911693
2022-10-12,2.8036975911093442,1,1.2954667,1.305857
2022-10-12,2.8036975911093442,3,1.371739,1.3386378
2022-10-12,2.8036975911093442,5,1.3682388,1.3495448
2022-10-12,2.8036975911093442,10,1.483837,1.3514084
2022-10-12,2.8036975911093442,21,1.5664468,1.3762605
2022-10-13,1.5514742115514402,1,1.3537178,1.2688498
2022-10-13,1.5514742115514402,3,1.3666428,1.3040481
2022-10-13,1.5514742115514402,5,1.3791962,1.332069
2022-10-13,1.5514742115514402,10,1.496105,1.326412
2022-10-13,1.5514742115514402,21,1.5602151,1.361162
2022-10-14,1.0280092804481278,1,1.371739,1.3101847
2022-10-14,1.0280092804481278,3,1.3682388,1.3483359
2022-10-14,1.0280092804481278,5,1.378654,1.3564745
2022-10-14,1.0280092804481278,10,1.4639965,1.3614045
2022-10-14,1.0280092804481278,21,1.6233085,1.4068358
2022-10-17,-0.9718874851703418,1,1.3666428,1.2727065
2022-10-17,-0.9718874851703418,3,1.3791962,1.3025266
2022-10-17,-0.9718874851703418,5,1.3786021,1.3236922
2022-10-17,-0.9718874851703418,10,1.5352025,1.3053672
2022-10-17,-0.9718874851703418,21,1.629917,1.3349478
2022-10-18,1.1421995926185424,1,1.3682388,1.2846096
2022-10-18,1.1421995926185424,3,1.378654,1.2997507
2022-10-18,1.1421995926185424,5,1.4475077,1.3263404
2022-10-18,1.1421995926185424,10,1.5304042,1.3338792
2022-10-18,1.1421995926185424,21,1.633645,1.3528378
2022-10-19,-0.33808473012229,1,1.3791962,1.348474
2022-10-19,-0.33808473012229,3,1.3786021,1.3739343
2022-10-19,-0.33808473012229,5,1.483837,1.3686054
2022-10-19,-0.33808473012229,10,1.5286968,1.3882642
2022-10-19,-0.33808473012229,21,1.6680826,1.3766572
2022-10-20,-0.15293698579776915,1,1.378654,1.312815
2022-10-20,-0.15293698579776915,3,1.4475077,1.3427632
2022-10-20,-0.15293698579776915,5,1.496105,1.3407137
2022-10-20,-0.15293698579776915,10,1.5327561,1.3603017
2022-10-20,-0.15293698579776915,21,1.7407945,1.3461494
2022-10-21,-3.717943268627444,1,1.3786021,1.3180199
2022-10-21,-3.717943268627444,3,1.483837,1.3346355
2022-10-21,-3.717943268627444,5,1.4639965,1.3332598
2022-10-21,-3.717943268627444,10,1.5330802,1.3624611
2022-10-21,-3.717943268627444,21,1.7821494,1.3321598
2022-10-24,-3.3572947267802355,1,1.4475077,1.4634342
2022-10-24,-3.3572947267802355,3,1.496105,1.5016236
2022-10-24,-3.3572947267802355,5,1.5352025,1.4978542
2022-10-24,-3.3572947267802355,10,1.5316461,1.4930842
2022-10-24,-3.3572947267802355,21,1.7788922,1.4693224
2022-10-25,1.164415706994948,1,1.483837,1.4015143
2022-10-25,1.164415706994948,3,1.4639965,1.4336605
2022-10-25,1.164415706994948,5,1.5304042,1.434542
2022-10-25,1.164415706994948,10,1.550558,1.4493831
2022-10-25,1.164415706994948,21,1.7706903,1.4415512
2022-10-26,-0.43594938108748593,1,1.496105,1.4995668
2022-10-26,-0.43594938108748593,3,1.5352025,1.5319283
2022-10-26,-0.43594938108748593,5,1.5286968,1.5464542
2022-10-26,-0.43594938108748593,10,1.5683626,1.5582798
2022-10-26,-0.43594938108748593,21,1.7714384,1.5379326
2022-10-27,3.4287037485669636,1,1.4639965,1.3804233
2022-10-27,3.4287037485669636,3,1.5304042,1.4050142
2022-10-27,3.4287037485669636,5,1.5327561,1.4228691
2022-10-27,3.4287037485669636,10,1.5664468,1.4438987
2022-10-27,3.4287037485669636,21,1.7706844,1.3884133
2022-10-28,-0.06324895485185777,1,1.5352025,1.4979081
2022-10-28,-0.06324895485185777,3,1.5286968,1.5331471
2022-10-28,-0.06324895485185777,5,1.5330802,1.5521127
2022-10-28,-0.06324895485185777,10,1.5602151,1.5491388
2022-10-28,-0.06324895485185777,21,1.7663946,1.5201466
2022-10-31,0.05643945072701939,1,1.5304042,1.4791832
2022-10-31,0.05643945072701939,3,1.5327561,1.4840201
2022-10-31,0.05643945072701939,5,1.5316461,1.5148056
2022-10-31,0.05643945072701939,10,1.6233085,1.517956
2022-10-31,0.05643945072701939,21,1.8056443,1.4935062
2022-11-01,0.5636167784892621,1,1.5286968,1.4517682
2022-11-01,0.5636167784892621,3,1.5330802,1.4757494
2022-11-01,0.5636167784892621,5,1.550558,1.4683635
2022-11-01,0.5636167784892621,10,1.629917,1.4995265
2022-11-01,0.5636167784892621,21,1.8741139,1.4730232
2022-11-02,-1.026776938138596,1,1.5327561,1.5704837
2022-11-02,-1.026776938138596,3,1.5316461,1.5864793
2022-11-02,-1.026776938138596,5,1.5683626,1.6027234
2022-11-02,-1.026776938138596,10,1.633645,1.6453505
2022-11-02,-1.026776938138596,21,1.9124291,1.5828955
2022-11-03,-0.3308862539252999,1,1.5330802,1.6869848
2022-11-03,-0.3308862539252999,3,1.550558,1.7125396
2022-11-03,-0.3308862539252999,5,1.5664468,1.7033861
2022-11-03,-0.3308862539252999,10,1.6680826,1.7196755
2022-11-03,-0.3308862539252999,21,1.9028223,1.6433244
2022-11-04,-2.247040441803172,1,1.5316461,1.6203642
2022-11-04,-2.247040441803172,3,1.5683626,1.6403656
2022-11-04,-2.247040441803172,5,1.5602151,1.6762693
2022-11-04,-2.247040441803172,10,1.7407945,1.6857715
2022-11-04,-2.247040441803172,21,1.9054729,1.6579311
2022-11-07,-2.226888619155254,1,1.550558,1.7018352
2022-11-07,-2.226888619155254,3,1.5664468,1.7375764
2022-11-07,-2.226888619155254,5,1.6233085,1.7557881
2022-11-07,-2.226888619155254,10,1.7821494,1.7736171
2022-11-07,-2.226888619155254,21,1.9800102,1.7385345
2022-11-08,0.6602505537080638,1,1.5683626,1.6673036
2022-11-08,0.6602505537080638,3,1.5602151,1.7143766
2022-11-08,0.6602505537080638,5,1.629917,1.7330644
2022-11-08,0.6602505537080638,10,1.7788922,1.7306418
2022-11-08,0.6602505537080638,21,1.9889437,1.7241938
2022-11-09,0.4005617279128515,1,1.5664468,1.691158
2022-11-09,0.4005617279128515,3,1.6233085,1.7195077
2022-11-09,0.4005617279128515,5,1.633645,1.7408957
2022-11-09,0.4005617279128515,10,1.7706903,1.7783358
2022-11-09,0.4005617279128515,21,2.0529606,1.7531049
2022-11-10,-3.968795365606592,1,1.5602151,1.6420999
2022-11-10,-3.968795365606592,3,1.629917,1.6850917
2022-11-10,-3.968795365606592,5,1.6680826,1.684303
2022-11-10,-3.968795365606592,10,1.7714384,1.7139167
2022-11-10,-3.968795365606592,21,2.053336,1.6650172
2022-11-11,0.7666579772165782,1,1.6233085,1.7051485
2022-11-11,0.7666579772165782,3,1.633645,1.7564842
2022-11-11,0.7666579772165782,5,1.7407945,1.7516155
2022-11-11,0.7666579772165782,10,1.7706844,1.7793254
2022-11-11,0.7666579772165782,21,2.057268,1.7441181
2022-11-14,-1.4233426087800538,1,1.629917,1.7204051
2022-11-14,-1.4233426087800538,3,1.6680826,1.7574501
2022-11-14,-1.4233426087800538,5,1.7821494,1.7598103
2022-11-14,-1.4233426087800538,10,1.7663946,1.7920513
2022-11-14,-1.4233426087800538,21,2.0561254,1.7217343
2022-11-15,-3.1455311712566214,1,1.633645,1.8310347
2022-11-15,-3.1455311712566214,3,1.7407945,1.8752415
2022-11-15,-3.1455311712566214,5,1.7788922,1.8594677
2022-11-15,-3.1455311712566214,10,1.8056443,1.874738
2022-11-15,-3.1455311712566214,21,2.0493355,1.8580058
2022-11-16,3.342989753201131,1,1.6680826,1.8784292
2022-11-16,3.342989753201131,3,1.7821494,1.918642
2022-11-16,3.342989753201131,5,1.7706903,1.9073931
2022-11-16,3.342989753201131,10,1.8741139,1.94407
2022-11-16,3.342989753201131,21,2.0539443,1.9481785
2022-11-17,2.757266128179481,1,1.7407945,1.9942238
2022-11-17,2.757266128179481,3,1.7788922,2.0414624
2022-11-17,2.757266128179481,5,1.7714384,2.0348423
2022-11-17,2.757266128179481,10,1.9124291,2.0281205
2022-11-17,2.757266128179481,21,2.0542738,2.0972137
2022-11-18,0.007221743641583345,1,1.7821494,1.9471226
2022-11-18,0.007221743641583345,3,1.7706903,1.9881074
2022-11-18,0.007221743641583345,5,1.7706844,1.9511797
2022-11-18,0.007221743641583345,10,1.9028223,1.9663485
2022-11-18,0.007221743641583345,21,2.054907,1.9902978
2022-11-21,-0.899497251213166,1,1.7788922,2.105467
2022-11-21,-0.899497251213166,3,1.7714384,2.156421
2022-11-21,-0.899497251213166,5,1.7663946,2.1654403
2022-11-21,-0.899497251213166,10,1.9054729,2.1493127
2022-11-21,-0.899497251213166,21,2.052835,2.184601
2022-11-22,-0.8919061409863538,1,1.7706903,2.0498965
2022-11-22,-0.8919061409863538,3,1.7706844,2.075406
2022-11-22,-0.8919061409863538,5,1.8056443,2.1019332
2022-11-22,-0.8919061409863538,10,1.9800102,2.0573893
2022-11-22,-0.8919061409863538,21,2.0379918,2.0618196
2022-11-23,-0.6448508215968651,1,1.7714384,2.0112631
2022-11-23,-0.6448508215968651,3,1.7663946,2.057227
2022-11-23,-0.6448508215968651,5,1.8741139,2.062463
2022-11-23,-0.6448508215968651,10,1.9889437,2.0378237
2022-11-23,-0.6448508215968651,21,2.0437267,2.0722775
2022-11-24,0.1805979231004784,1,1.7706844,2.1073887
2022-11-24,0.1805979231004784,3,1.8056443,2.1423972
2022-11-24,0.1805979231004784,5,1.9124291,2.1396086
2022-11-24,0.1805979231004784,10,2.0529606,2.1544435
2022-11-24,0.1805979231004784,21,2.0309663,2.112805
2022-11-25,2.4751546243833467,1,1.7663946,2.1115897
2022-11-25,2.4751546243833467,3,1.8741139,2.1400642
2022-11-25,2.4751546243833467,5,1.9028223,2.111626
2022-11-25,2.4751546243833467,10,2.053336,2.111829
2022-11-25,2.4751546243833467,21,2.0244606,2.06127
2022-11-28,3.4629057551224918,1,1.8056443,1.9775918
2022-11-28,3.4629057551224918,3,1.9124291,1.9904237
2022-11-28,3.4629057551224918,5,1.9054729,2.0046504
2022-11-28,3.4629057551224918,10,2.057268,1.9439471
2022-11-28,3.4629057551224918,21,2.0224442,1.884972
2022-11-29,2.5979820705990697,1,1.8741139,2.26917
2022-11-29,2.5979820705990697,3,1.9028223,2.3047419
2022-11-29,2.5979820705990697,5,1.9800102,2.3145301
2022-11-29,2.5979820705990697,10,2.0561254,2.2806475
2022-11-29,2.5979820705990697,21,2.0039272,2.2359586
2022-11-30,1.5630575171648786,1,1.9124291,2.1781304
2022-11-30,1.5630575171648786,3,1.9054729,2.2115796
2022-11-30,1.5630575171648786,5,1.9889437,2.2096317
2022-11-30,1.5630575171648786,10,2.0493355,2.1913815
2022-11-30,1.5630575171648786,21,2.0203304,2.156259
2022-12-01,-1.1646891382311786,1,1.9028223,2.052243
2022-12-01,-1.1646891382311786,3,1.9800102,2.0821884
2022-12-01,-1.1646891382311786,5,2.0529606,2.074396
2022-12-01,-1.1646891382311786,10,2.0539443,2.0572565
2022-12-01,-1.1646891382311786,21,2.000191,2.0112884
2022-12-02,4.133292276138878,1,1.9054729,2.0706773
2022-12-02,4.133292276138878,3,1.9889437,2.109136
2022-12-02,4.133292276138878,5,2.053336,2.092181
2022-12-02,4.133292276138878,10,2.0542738,2.0677102
2022-12-02,4.133292276138878,21,1.9727316,1.9381096
2022-12-05,1.256871280495453,1,1.9800102,2.0206773
2022-12-05,1.256871280495453,3,2.0529606,2.0533483
2022-12-05,1.256871280495453,5,2.057268,2.043825
2022-12-05,1.256871280495453,10,2.054907,2.023634
2022-12-05,1.256871280495453,21,1.9178016,1.9646124
2022-12-06,-4.199724696024099,1,1.9889437,1.9988561
2022-12-06,-4.199724696024099,3,2.053336,2.0326395
2022-12-06,-4.199724696024099,5,2.0561254,2.0417624
2022-12-06,-4.199724696024099,10,2.052835,2.0126152
2022-12-06,-4.199724696024099,21,1.9718757,1.921236
2022-12-07,-0.7340764453086734,1,2.0529606,2.0630271
2022-12-07,-0.7340764453086734,3,2.057268,2.0827122
2022-12-07,-0.7340764453086734,5,2.0493355,2.0985105
2022-12-07,-0.7340764453086734,10,2.0379918,2.0536537
2022-12-07,-0.7340764453086734,21,1.9172498,1.9855757
2022-12-08,0.9093796980608637,1,2.053336,2.19763
2022-12-08,0.9093796980608637,3,2.0561254,2.2286024
2022-12-08,0.9093796980608637,5,2.0539443,2.2383864
2022-12-08,0.9093796980608637,10,2.0437267,2.2262044
2022-12-08,0.9093796980608637,21,1.8871922,2.1497276
2022-12-09,0.12176909140881875,1,2.057268,2.0748374
2022-12-09,0.12176909140881875,3,2.0493355,2.0897381
2022-12-09,0.12176909140881875,5,2.0542738,2.1087337
2022-12-09,0.12176909140881875,10,2.0309663,2.0438166
2022-12-09,0.12176909140881875,21,1.8775992,1.8982713
2022-12-12,-1.8945995422422257,1,2.0561254,2.0970938
2022-12-12,-1.8945995422422257,3,2.0539443,2.0937822
2022-12-12,-1.8945995422422257,5,2.054907,2.0823934
2022-12-12,-1.8945995422422257,10,2.0244606,2.001166
2022-12-12,-1.8945995422422257,21,1.8731724,1.8854895
2022-12-13,1.4792144761594628,1,2.0493355,2.1337206
2022-12-13,1.4792144761594628,3,2.0542738,2.1463063
2022-12-13,1.4792144761594628,5,2.052835,2.1591668
2022-12-13,1.4792144761594628,10,2.0224442,2.0493124
2022-12-13,1.4792144761594628,21,1.8690318,1.9881613
2022-12-14,0.28409651689509374,1,2.0539443,2.1181004
2022-12-14,0.28409651689509374,3,2.054907,2.1133864
2022-12-14,0.28409651689509374,5,2.0379918,2.1155136
2022-12-14,0.28409651689509374,10,2.0039272,1.9911472
2022-12-14,0.28409651689509374,21,1.8634002,1.9013509
2022-12-15,0.46444343251437203,1,2.0542738,2.0536902
2022-12-15,0.46444343251437203,3,2.052835,2.0372586
2022-12-15,0.46444343251437203,5,2.0437267,2.0276759
2022-12-15,0.46444343251437203,10,2.0203304,1.914515
2022-12-15,0.46444343251437203,21,1.8629372,1.8117057
2022-12-16,-0.26947544535564916,1,2.054907,2.2922666
2022-12-16,-0.26947544535564916,3,2.0379918,2.2703207
2022-12-16,-0.26947544535564916,5,2.0309663,2.2289937
2022-12-16,-0.26947544535564916,10,2.000191,2.0660298
2022-12-16,-0.26947544535564916,21,1.8634104,1.8706508
2022-12-19,-1.346821705086576,1,2.052835,2.0705233
2022-12-19,-1.346821705086576,3,2.0437267,2.0299351
2022-12-19,-1.346821705086576,5,2.0244606,1.9951391
2022-12-19,-1.346821705086576,10,1.9727316,1.8642831
2022-12-19,-1.346821705086576,21,1.800711,1.718921
2022-12-20,-1.4814510847974915,1,2.0379918,1.970073
2022-12-20,-1.4814510847974915,3,2.0309663,1.9290783
2022-12-20,-1.4814510847974915,5,2.0224442,1.8982022
2022-12-20,-1.4814510847974915,10,1.9178016,1.7105448
2022-12-20,-1.4814510847974915,21,1.7607877,1.5272781
2022-12-21,-0.41625713259421104,1,2.0437267,2.1398041
2022-12-21,-0.41625713259421104,3,2.0244606,2.1177716
2022-12-21,-0.41625713259421104,5,2.0039272,2.0621715
2022-12-21,-0.41625713259421104,10,1.9718757,1.901839
2022-12-21,-0.41625713259421104,21,1.758706,1.7336179
2022-12-22,0.3654197816895355,1,2.0309663,2.130619
2022-12-22,0.3654197816895355,3,2.0224442,2.0907311
2022-12-22,0.3654197816895355,5,2.0203304,1.9990003
2022-12-22,0.3654197816895355,10,1.9172498,1.8240377
2022-12-22,0.3654197816895355,21,1.7593971,1.6575859
2022-12-23,-0.2222277524367655,1,2.0244606,2.067416
2022-12-23,-0.2222277524367655,3,2.0039272,2.022508
2022-12-23,-0.2222277524367655,5,2.000191,1.95735
2022-12-23,-0.2222277524367655,10,1.8871922,1.8097456
2022-12-23,-0.2222277524367655,21,1.7101144,1.6472821
2022-12-26,-3.503636765026208,1,2.0224442,2.046455
2022-12-26,-3.503636765026208,3,2.0203304,1.9837952
2022-12-26,-3.503636765026208,5,1.9727316,1.9110978
2022-12-26,-3.503636765026208,10,1.8775992,1.7430664
2022-12-26,-3.503636765026208,21,1.719975,1.5448457
2022-12-27,1.9460051819979007,1,2.0039272,2.1164417
2022-12-27,1.9460051819979007,3,2.000191,2.0945292
2022-12-27,1.9460051819979007,5,1.9178016,2.0474021
2022-12-27,1.9460051819979007,10,1.8731724,1.9375347
2022-12-27,1.9460051819979007,21,1.7220248,1.8360107
2022-12-28,1.0979058224624971,1,2.0203304,2.0504086
2022-12-28,1.0979058224624971,3,1.9727316,2.017906
2022-12-28,1.0979058224624971,5,1.9718757,1.927219
2022-12-28,1.0979058224624971,10,1.8690318,1.7978349
2022-12-28,1.0979058224624971,21,1.7734914,1.6374615
2022-12-29,-0.629153412397887,1,2.000191,2.0361912
2022-12-29,-0.629153412397887,3,1.9178016,2.0091383
2022-12-29,-0.629153412397887,5,1.9172498,1.9638329
2022-12-29,-0.629153412397887,10,1.8634002,1.8582252
2022-12-29,-0.629153412397887,21,1.7677882,1.7394867
2022-12-30,-0.21821292345443055,1,1.9727316,1.9462433
2022-12-30,-0.21821292345443055,3,1.9718757,1.9122813
2022-12-30,-0.21821292345443055,5,1.8871922,1.9000101
2022-12-30,-0.21821292345443055,10,1.8629372,1.7967094
2022-12-30,-0.21821292345443055,21,1.767037,1.6480397
2023-01-03,3.589871530999744,1,1.9178016,1.872576
2023-01-03,3.589871530999744,3,1.9172498,1.8603332
2023-01-03,3.589871530999744,5,1.8775992,1.8358548
2023-01-03,3.589871530999744,10,1.8634104,1.6813589
2023-01-03,3.589871530999744,21,1.7452266,1.515068
2023-01-04,0.23442182724258132,1,1.9718757,2.06119
2023-01-04,0.23442182724258132,3,1.8871922,2.0509176
2023-01-04,0.23442182724258132,5,1.8731724,2.0277321
2023-01-04,0.23442182724258132,10,1.800711,1.9084377
2023-01-04,0.23442182724258132,21,1.7440909,1.8250086
2023-01-05,0.9009798505046795,1,1.9172498,2.046102
2023-01-05,0.9009798505046795,3,1.8775992,2.0284781
2023-01-05,0.9009798505046795,5,1.8690318,1.9870162
2023-01-05,0.9009798505046795,10,1.7607877,1.8611227
2023-01-05,0.9009798505046795,21,1.7437993,1.8178164
2023-01-06,-0.4157063017972362,1,1.8871922,2.067767
2023-01-06,-0.4157063017972362,3,1.8731724,2.0569475
2023-01-06,-0.4157063017972362,5,1.8634002,2.0423973
2023-01-06,-0.4157063017972362,10,1.758706,1.8627279
2023-01-06,-0.4157063017972362,21,1.7473711,1.7627867
2023-01-09,0.2631018068422364,1,1.8775992,1.8815298
2023-01-09,0.2631018068422364,3,1.8690318,1.8502238
2023-01-09,0.2631018068422364,5,1.8629372,1.7931654
2023-01-09,0.2631018068422364,10,1.7593971,1.6420302
2023-01-09,0.2631018068422364,21,1.6691221,1.58146
2023-01-10,-0.08161096696959191,1,1.8731724,1.8827498
2023-01-10,-0.08161096696959191,3,1.8634002,1.8468783
2023-01-10,-0.08161096696959191,5,1.8634104,1.7901866
2023-01-10,-0.08161096696959191,10,1.7101144,1.6553259
2023-01-10,-0.08161096696959191,21,1.6753492,1.5044856
2023-01-11,0.22853251360945848,1,1.8690318,1.7772083
2023-01-11,0.22853251360945848,3,1.8629372,1.714787
2023-01-11,0.22853251360945848,5,1.800711,1.6290889
2023-01-11,0.22853251360945848,10,1.719975,1.4747192
2023-01-11,0.22853251360945848,21,1.664954,1.342456
2023-01-12,0.05965485582777319,1,1.8634002,1.7798278
2023-01-12,0.05965485582777319,3,1.8634104,1.730351
2023-01-12,0.05965485582777319,5,1.7607877,1.660656
2023-01-12,0.05965485582777319,10,1.7220248,1.5449321
2023-01-12,0.05965485582777319,21,1.610685,1.4054184
2023-01-13,0.3571837338677497,1,1.8629372,1.8508413
2023-01-13,0.3571837338677497,3,1.800711,1.808598
2023-01-13,0.3571837338677497,5,1.758706,1.7391682
2023-01-13,0.3571837338677497,10,1.7734914,1.6558614
2023-01-13,0.3571837338677497,21,1.5621202,1.5427307
2023-01-16,0.612174843605473,1,1.8634104,1.959985
2023-01-16,0.612174843605473,3,1.7607877,1.905364
2023-01-16,0.612174843605473,5,1.7593971,1.8064482
2023-01-16,0.612174843605473,10,1.7677882,1.6990328
2023-01-16,0.612174843605473,21,1.5260293,1.4928352
2023-01-17,2.0056635975378434,1,1.800711,1.809886
2023-01-17,2.0056635975378434,3,1.758706,1.7829328
2023-01-17,2.0056635975378434,5,1.7101144,1.7216275
2023-01-17,2.0056635975378434,10,1.767037,1.6385663
2023-01-17,2.0056635975378434,21,1.5565796,1.4853059
2023-01-18,0.9137662650685385,1,1.7607877,1.914588
2023-01-18,0.9137662650685385,3,1.7593971,1.901902
2023-01-18,0.9137662650685385,5,1.719975,1.8297987
2023-01-18,0.9137662650685385,10,1.7452266,1.7297604
2023-01-18,0.9137662650685385,21,1.5521302,1.5387025
2023-01-19,0.8883468199194944,1,1.758706,1.7276008
2023-01-19,0.8883468199194944,3,1.7101144,1.7140561
2023-01-19,0.8883468199194944,5,1.7220248,1.6780267
2023-01-19,0.8883468199194944,10,1.7440909,1.6048054
2023-01-19,0.8883468199194944,21,1.5876236,1.4613979
2023-01-27,0.8107253709959572,1,1.7593971,1.8267996
2023-01-27,0.8107253709959572,3,1.719975,1.8170202
2023-01-27,0.8107253709959572,5,1.7734914,1.7461975
2023-01-27,0.8107253709959572,10,1.7437993,1.6435494
2023-01-27,0.8107253709959572,21,1.5843806,1.461462
2023-01-30,-1.3092223207845421,1,1.7101144,1.7970777
2023-01-30,-1.3092223207845421,3,1.7220248,1.8125976
2023-01-30,-1.3092223207845421,5,1.7677882,1.8333966
2023-01-30,-1.3092223207845421,10,1.7473711,1.7508019
2023-01-30,-1.3092223207845421,21,1.5963925,1.6451719
2023-01-31,0.7778695349085929,1,1.719975,1.7199237
2023-01-31,0.7778695349085929,3,1.7734914,1.6924417
2023-01-31,0.7778695349085929,5,1.767037,1.6982479
2023-01-31,0.7778695349085929,10,1.6691221,1.6021144
2023-01-31,0.7778695349085929,21,1.5861344,1.4765061
2023-02-01,-3.2199933425888894,1,1.7220248,1.6456697
2023-02-01,-3.2199933425888894,3,1.7677882,1.6282251
2023-02-01,-3.2199933425888894,5,1.7452266,1.5999535
2023-02-01,-3.2199933425888894,10,1.6753492,1.4522097
2023-02-01,-3.2199933425888894,21,1.524402,1.3141662
2023-02-02,0.15044858797237382,1,1.7734914,1.8401752
2023-02-02,0.15044858797237382,3,1.767037,1.820398
2023-02-02,0.15044858797237382,5,1.7440909,1.7756742
2023-02-02,0.15044858797237382,10,1.664954,1.619211
2023-02-02,0.15044858797237382,21,1.5004892,1.5074391
2023-02-03,-0.040840194744173886,1,1.7677882,1.7995436
2023-02-03,-0.040840194744173886,3,1.7452266,1.7548027
2023-02-03,-0.040840194744173886,5,1.7437993,1.6942822
2023-02-03,-0.040840194744173886,10,1.610685,1.5426245
2023-02-03,-0.040840194744173886,21,1.4872682,1.4570582
2023-02-06,1.1207443614352997,1,1.767037,1.7506273
2023-02-06,1.1207443614352997,3,1.7440909,1.7025659
2023-02-06,1.1207443614352997,5,1.7473711,1.6491524
2023-02-06,1.1207443614352997,10,1.5621202,1.472691
2023-02-06,1.1207443614352997,21,1.4883385,1.3491436
2023-02-07,-2.176288718683228,1,1.7452266,1.7536538
2023-02-07,-2.176288718683228,3,1.7437993,1.7105969
2023-02-07,-2.176288718683228,5,1.6691221,1.62584
2023-02-07,-2.176288718683228,10,1.5260293,1.4729768
2023-02-07,-2.176288718683228,21,1.3873339,1.4102855
2023-02-08,0.5968044803847938,1,1.7440909,1.6863346
2023-02-08,0.5968044803847938,3,1.7473711,1.6269621
2023-02-08,0.5968044803847938,5,1.6753492,1.5428635
2023-02-08,0.5968044803847938,10,1.5565796,1.4188898
2023-02-08,0.5968044803847938,21,1.3840133,1.2952087
2023-02-09,-0.766767946297886,1,1.7437993,1.6478238
2023-02-09,-0.766767946297886,3,1.6691221,1.5733446
2023-02-09,-0.766767946297886,5,1.664954,1.4760004
2023-02-09,-0.766767946297886,10,1.5521302,1.3388621
2023-02-09,-0.766767946297886,21,1.2840717,1.2213426
2023-02-10,-0.8238499315781134,1,1.7473711,1.6343524
2023-02-10,-0.8238499315781134,3,1.6753492,1.5684371
2023-02-10,-0.8238499315781134,5,1.610685,1.4699693
2023-02-10,-0.8238499315781134,10,1.5876236,1.3418522
2023-02-10,-0.8238499315781134,21,1.2830399,1.1864548
2023-02-13,-1.1052994851038278,1,1.6691221,1.583014
2023-02-13,-1.1052994851038278,3,1.664954,1.5278542
2023-02-13,-1.1052994851038278,5,1.5621202,1.4558301
2023-02-13,-1.1052994851038278,10,1.5843806,1.3784921
2023-02-13,-1.1052994851038278,21,1.2783821,1.3065832
2023-02-14,-0.4859926774008372,1,1.6753492,1.6386735
2023-02-14,-0.4859926774008372,3,1.610685,1.5669605
2023-02-14,-0.4859926774008372,5,1.5260293,1.4808573
2023-02-14,-0.4859926774008372,10,1.5963925,1.370269
2023-02-14,-0.4859926774008372,21,1.2782929,1.2285122
2023-02-15,0.9162242316067548,1,1.664954,1.5313256
2023-02-15,0.9162242316067548,3,1.5621202,1.4639754
2023-02-15,0.9162242316067548,5,1.5565796,1.3918115
2023-02-15,0.9162242316067548,10,1.5861344,1.3185064
2023-02-15,0.9162242316067548,21,1.2643077,1.2005544
2023-02-16,0.9579990570462549,1,1.610685,1.6489866
2023-02-16,0.9579990570462549,3,1.5260293,1.566619
2023-02-16,0.9579990570462549,5,1.5521302,1.5130284
2023-02-16,0.9579990570462549,10,1.524402,1.4409956
2023-02-16,0.9579990570462549,21,1.2786875,1.2603179
2023-02-17,0.09633548157195193,1,1.5621202,1.538321
2023-02-17,0.09633548157195193,3,1.5565796,1.519062
2023-02-17,0.09633548157195193,5,1.5876236,1.4666394
2023-02-17,0.09633548157195193,10,1.5004892,1.4034286
2023-02-17,0.09633548157195193,21,1.2911175,1.2564795
2023-02-20,2.5518626100505593,1,1.5260293,1.4739616
2023-02-20,2.5518626100505593,3,1.5521302,1.4407704
2023-02-20,2.5518626100505593,5,1.5843806,1.3738246
2023-02-20,2.5518626100505593,10,1.4872682,1.3207037
2023-02-20,2.5518626100505593,21,1.2899339,1.1909778
2023-02-21,-0.411265172190145,1,1.5565796,1.4827704
2023-02-21,-0.411265172190145,3,1.5876236,1.4635823
2023-02-21,-0.411265172190145,5,1.5963925,1.4178853
2023-02-21,-0.411265172190145,10,1.4883385,1.3473514
2023-02-21,-0.411265172190145,21,1.3177501,1.2150989
2023-02-22,-2.6165657662535757,1,1.5521302,1.4948258
2023-02-22,-2.6165657662535757,3,1.5843806,1.4505725
2023-02-22,-2.6165657662535757,5,1.5861344,1.3943337
2023-02-22,-2.6165657662535757,10,1.3873339,1.2942243
2023-02-22,-2.6165657662535757,21,1.312289,1.1729375
2023-02-23,-0.0588252054497751,1,1.5876236,1.5779085
2023-02-23,-0.0588252054497751,3,1.5963925,1.5447419
2023-02-23,-0.0588252054497751,5,1.524402,1.4985498
2023-02-23,-0.0588252054497751,10,1.3840133,1.3926115
2023-02-23,-0.0588252054497751,21,1.3019329,1.279418
2023-02-24,-1.3472270725769064,1,1.5843806,1.6948478
2023-02-24,-1.3472270725769064,3,1.5861344,1.6408061
2023-02-24,-1.3472270725769064,5,1.5004892,1.599858
2023-02-24,-1.3472270725769064,10,1.2840717,1.4802246
2023-02-24,-1.3472270725769064,21,1.3016628,1.366952
2023-02-27,-1.7770179515836482,1,1.5963925,1.579875
2023-02-27,-1.7770179515836482,3,1.524402,1.5145894
2023-02-27,-1.7770179515836482,5,1.4872682,1.4668806
2023-02-27,-1.7770179515836482,10,1.2830399,1.3439192
2023-02-27,-1.7770179515836482,21,1.3010811,1.261161
2023-02-28,0.3353001533302091,1,1.5861344,1.5236571
2023-02-28,0.3353001533302091,3,1.5004892,1.4702078
2023-02-28,0.3353001533302091,5,1.4883385,1.4075471
2023-02-28,0.3353001533302091,10,1.2783821,1.2719786
2023-02-28,0.3353001533302091,21,1.3020685,1.1854415
2023-03-01,1.5369050791904648,1,1.524402,1.536607
2023-03-01,1.5369050791904648,3,1.4872682,1.4721081
2023-03-01,1.5369050791904648,5,1.3873339,1.4179363
2023-03-01,1.5369050791904648,10,1.2782929,1.3023641
2023-03-01,1.5369050791904648,21,1.2170842,1.2645286
2023-03-02,-0.282942791833829,1,1.5004892,1.4069014
2023-03-02,-0.282942791833829,3,1.4883385,1.3584031
2023-03-02,-0.282942791833829,5,1.3840133,1.3054183
2023-03-02,-0.282942791833829,10,1.2643077,1.215024
2023-03-02,-0.282942791833829,21,1.1935436,1.1604185
2023-03-03,-1.2451794431732388,1,1.4872682,1.4263585
2023-03-03,-1.2451794431732388,3,1.3873339,1.3670192
2023-03-03,-1.2451794431732388,5,1.2840717,1.2959161
2023-03-03,-1.2451794431732388,10,1.2786875,1.1956868
2023-03-03,-1.2451794431732388,21,1.1865754,1.150783
2023-03-06,0.23489861918131183,1,1.4883385,1.4024866
2023-03-06,0.23489861918131183,3,1.3840133,1.3379724
2023-03-06,0.23489861918131183,5,1.2830399,1.2589117
2023-03-06,0.23489861918131183,10,1.2911175,1.1720886
2023-03-06,0.23489861918131183,21,1.184225,1.0996667
2023-03-07,1.032444692159462,1,1.3873339,1.4066782
2023-03-07,1.032444692159462,3,1.2840717,1.393583
2023-03-07,1.032444692159462,5,1.2783821,1.3481278
2023-03-07,1.032444692159462,10,1.2899339,1.2949117
2023-03-07,1.032444692159462,21,1.1946914,1.2492849
2023-03-08,1.0867276405692294,1,1.3840133,1.3236513
2023-03-08,1.0867276405692294,3,1.2830399,1.2950277
2023-03-08,1.0867276405692294,5,1.2782929,1.2490678
2023-03-08,1.0867276405692294,10,1.3177501,1.1877427
2023-03-08,1.0867276405692294,21,1.1058788,1.1636966
2023-03-09,0.6431928991934122,1,1.2840717,1.336642
2023-03-09,0.6431928991934122,3,1.2783821,1.3505402
2023-03-09,0.6431928991934122,5,1.2643077,1.3198469
2023-03-09,0.6431928991934122,10,1.312289,1.3090234
2023-03-09,0.6431928991934122,21,1.1058494,1.260124
2023-03-10,-0.27976025264075943,1,1.2830399,1.2883232
2023-03-10,-0.27976025264075943,3,1.2782929,1.2983817
2023-03-10,-0.27976025264075943,5,1.2786875,1.2625419
2023-03-10,-0.27976025264075943,10,1.3019329,1.2532547
2023-03-10,-0.27976025264075943,21,1.107246,1.2225239
2023-03-13,-0.01899515629224524,1,1.2783821,1.2865527
2023-03-13,-0.01899515629224524,3,1.2643077,1.2864912
2023-03-13,-0.01899515629224524,5,1.2911175,1.2601962
2023-03-13,-0.01899515629224524,10,1.3016628,1.260302
2023-03-13,-0.01899515629224524,21,1.1059196,1.2245182
2023-03-14,-1.210757624748382,1,1.2782929,1.2327313
2023-03-14,-1.210757624748382,3,1.2786875,1.2247555
2023-03-14,-1.210757624748382,5,1.2899339,1.2039847
2023-03-14,-1.210757624748382,10,1.3010811,1.161961
2023-03-14,-1.210757624748382,21,1.1068884,1.1259624
2023-03-15,2.098710919751756,1,1.2643077,1.2751079
2023-03-15,2.098710919751756,3,1.2911175,1.2811997
2023-03-15,2.098710919751756,5,1.3177501,1.2595277
2023-03-15,2.098710919751756,10,1.3020685,1.2253888
2023-03-15,2.098710919751756,21,1.1078037,1.2183576
2023-03-16,-1.4021911675698995,1,1.2786875,1.2143457
2023-03-16,-1.4021911675698995,3,1.2899339,1.2202882
2023-03-16,-1.4021911675698995,5,1.312289,1.1981437
2023-03-16,-1.4021911675698995,10,1.2170842,1.1525561
2023-03-16,-1.4021911675698995,21,1.1074915,1.1716585
2023-03-17,-0.2160055127962579,1,1.2911175,1.3025928
2023-03-17,-0.2160055127962579,3,1.3177501,1.3079331
2023-03-17,-0.2160055127962579,5,1.3019329,1.2892873
2023-03-17,-0.2160055127962579,10,1.1935436,1.2339615
2023-03-17,-0.2160055127962579,21,1.1093549,1.2141535
2023-03-20,-2.131361383253072,1,1.2899339,1.2848365
2023-03-20,-2.131361383253072,3,1.312289,1.2614119
2023-03-20,-2.131361383253072,5,1.3016628,1.238991
2023-03-20,-2.131361383253072,10,1.1865754,1.163
2023-03-20,-2.131361383253072,21,1.1171067,1.2000034
2023-03-21,0.9078013041829536,1,1.3177501,1.3133664
2023-03-21,0.9078013041829536,3,1.3019329,1.3006127
2023-03-21,0.9078013041829536,5,1.3010811,1.278904
2023-03-21,0.9078013041829536,10,1.184225,1.1986239
2023-03-21,0.9078013041829536,21,1.1142402,1.2204401
2023-03-22,0.7824562224272746,1,1.312289,1.2707672
2023-03-22,0.7824562224272746,3,1.3016628,1.2540646
2023-03-22,0.7824562224272746,5,1.3020685,1.2300531
2023-03-22,0.7824562224272746,10,1.1946914,1.1560428
2023-03-22,0.7824562224272746,21,1.0827916,1.2145954
2023-03-23,0.4372765449461191,1,1.3019329,1.2653396
2023-03-23,0.4372765449461191,3,1.3010811,1.2487564
2023-03-23,0.4372765449461191,5,1.2170842,1.2101097
2023-03-23,0.4372765449461191,10,1.1058788,1.1582732
2023-03-23,0.4372765449461191,21,1.0774201,1.197003
2023-03-24,0.16157640867087153,1,1.3016628,1.2787423
2023-03-24,0.16157640867087153,3,1.3020685,1.254817
2023-03-24,0.16157640867087153,5,1.1935436,1.2175701
2023-03-24,0.16157640867087153,10,1.1058494,1.1824338
2023-03-24,0.16157640867087153,21,1.0701797,1.2163558
2023-03-27,0.5202389963513632,1,1.3010811,1.2982123
2023-03-27,0.5202389963513632,3,1.2170842,1.2526217
2023-03-27,0.5202389963513632,5,1.1865754,1.201035
2023-03-27,0.5202389963513632,10,1.107246,1.1394007
2023-03-27,0.5202389963513632,21,1.0656457,1.165008
2023-03-28,0.19368259209127103,1,1.3020685,1.2251074
2023-03-28,0.19368259209127103,3,1.1935436,1.1791029
2023-03-28,0.19368259209127103,5,1.184225,1.1152705
2023-03-28,0.19368259209127103,10,1.1059196,1.0529741
2023-03-28,0.19368259209127103,21,1.0542572,1.0862957
2023-03-29,0.19330818766585267,1,1.2170842,1.2021792
2023-03-29,0.19330818766585267,3,1.1865754,1.2120357
2023-03-29,0.19330818766585267,5,1.1946914,1.1566404
2023-03-29,0.19330818766585267,10,1.1068884,1.1538081
2023-03-29,0.19330818766585267,21,1.0502006,1.1837752
2023-03-30,0.29398301704572916,1,1.1935436,1.1835444
2023-03-30,0.29398301704572916,3,1.184225,1.1863053
2023-03-30,0.29398301704572916,5,1.1058788,1.1349614
2023-03-30,0.29398301704572916,10,1.1078037,1.1333768
2023-03-30,0.29398301704572916,21,0.97293067,1.1517859
2023-03-31,0.48962472114029154,1,1.1865754,1.2451141
2023-03-31,0.48962472114029154,3,1.1946914,1.2470183
2023-03-31,0.48962472114029154,5,1.1058494,1.2164593
2023-03-31,0.48962472114029154,10,1.1074915,1.2251217
2023-03-31,0.48962472114029154,21,0.97258574,1.2678792
2023-04-03,1.365743830044952,1,1.184225,1.1853712
2023-04-03,1.365743830044952,3,1.1058788,1.1798364
2023-04-03,1.365743830044952,5,1.107246,1.153286
2023-04-03,1.365743830044952,10,1.1093549,1.1719934
2023-04-03,1.365743830044952,21,0.9804582,1.1671546
2023-04-04,-0.07693270621782489,1,1.1946914,1.2763608
2023-04-04,-0.07693270621782489,3,1.1058494,1.2813299
2023-04-04,-0.07693270621782489,5,1.1059196,1.2550455
2023-04-04,-0.07693270621782489,10,1.1171067,1.2664521
2023-04-04,-0.07693270621782489,21,0.9734191,1.2840344
2023-04-05,0.22321954704898062,1,1.1058788,1.0767117
2023-04-05,0.22321954704898062,3,1.107246,1.0796746
2023-04-05,0.22321954704898062,5,1.1068884,1.0561438
2023-04-05,0.22321954704898062,10,1.1142402,1.0743024
2023-04-05,0.22321954704898062,21,0.93423486,1.0805985
2023-04-06,-0.9248266235591274,1,1.1058494,1.0917237
2023-04-06,-0.9248266235591274,3,1.1059196,1.1075234
2023-04-06,-0.9248266235591274,5,1.1078037,1.0843368
2023-04-06,-0.9248266235591274,10,1.0827916,1.0963283
2023-04-06,-0.9248266235591274,21,0.9454321,1.154584
2023-04-07,-0.11211706194487192,1,1.107246,1.1424003
2023-04-07,-0.11211706194487192,3,1.1068884,1.1513462
2023-04-07,-0.11211706194487192,5,1.1074915,1.1483934
2023-04-07,-0.11211706194487192,10,1.0774201,1.1601629
2023-04-07,-0.11211706194487192,21,0.94056684,1.2118461
2023-04-10,-0.40842000324570193,1,1.1059196,1.1774814
2023-04-10,-0.40842000324570193,3,1.1078037,1.1907068
2023-04-10,-0.40842000324570193,5,1.1093549,1.1809134
2023-04-10,-0.40842000324570193,10,1.0701797,1.1868073
2023-04-10,-0.40842000324570193,21,0.9362723,1.167078
2023-04-11,0.38504645171508756,1,1.1068884,1.1982384
2023-04-11,0.38504645171508756,3,1.1074915,1.2055427
2023-04-11,0.38504645171508756,5,1.1171067,1.188973
2023-04-11,0.38504645171508756,10,1.0656457,1.1641464
2023-04-11,0.38504645171508756,21,0.9252061,1.1579722
2023-04-12,-0.0009350557059306652,1,1.1078037,1.1556127
2023-04-12,-0.0009350557059306652,3,1.1093549,1.163247
2023-04-12,-0.0009350557059306652,5,1.1142402,1.1460546
2023-04-12,-0.0009350557059306652,10,1.0542572,1.1004341
2023-04-12,-0.0009350557059306652,21,0.9298687,1.0919602
2023-04-13,-0.4827191564468869,1,1.1074915,1.1850371
2023-04-13,-0.4827191564468869,3,1.1171067,1.1922787
2023-04-13,-0.4827191564468869,5,1.0827916,1.17816
2023-04-13,-0.4827191564468869,10,1.0502006,1.1330059
2023-04-13,-0.4827191564468869,21,0.923099,1.1643109
2023-04-14,-1.0778541807504816,1,1.1093549,1.168407
2023-04-14,-1.0778541807504816,3,1.1142402,1.1658032
2023-04-14,-1.0778541807504816,5,1.0774201,1.1560626
2023-04-14,-1.0778541807504816,10,0.97293067,1.113544
2023-04-14,-1.0778541807504816,21,0.915118,1.1340778
2023-04-17,0.08734039573585761,1,1.1171067,1.1418602
2023-04-17,0.08734039573585761,3,1.0827916,1.1434166
2023-04-17,0.08734039573585761,5,1.0701797,1.1401898
2023-04-17,0.08734039573585761,10,0.97258574,1.1028922
2023-04-17,0.08734039573585761,21,0.91751724,1.1041101
2023-04-18,0.11475558795979168,1,1.1142402,1.169177
2023-04-18,0.11475558795979168,3,1.0774201,1.1616614
2023-04-18,0.11475558795979168,5,1.0656457,1.143069
2023-04-18,0.11475558795979168,10,0.9804582,1.0899087
2023-04-18,0.11475558795979168,21,0.8611686,1.087218
2023-04-19,-0.5741460638837736,1,1.0827916,1.0825298
2023-04-19,-0.5741460638837736,3,1.0701797,1.0768623
2023-04-19,-0.5741460638837736,5,1.0542572,1.0631995
2023-04-19,-0.5741460638837736,10,0.9734191,1.020103
2023-04-19,-0.5741460638837736,21,0.8598097,1.0587975
2023-04-20,0.025735977608754013,1,1.0774201,1.0810747
2023-04-20,0.025735977608754013,3,1.0656457,1.0856676
2023-04-20,0.025735977608754013,5,1.0502006,1.0575687
2023-04-20,0.025735977608754013,10,0.93423486,1.0239918
2023-04-20,0.025735977608754013,21,0.79178226,1.0439094
2023-04-21,-0.6060740485461125,1,1.0701797,1.0390964
2023-04-21,-0.6060740485461125,3,1.0542572,1.0442702
2023-04-21,-0.6060740485461125,5,0.97293067,1.0136378
2023-04-21,-0.6060740485461125,10,0.9454321,0.9870036
2023-04-21,-0.6060740485461125,21,0.7940426,1.045753
2023-04-24,-0.14873315700336676,1,1.0656457,1.0947008
2023-04-24,-0.14873315700336676,3,1.0502006,1.0931994
2023-04-24,-0.14873315700336676,5,0.97258574,1.0614046
2023-04-24,-0.14873315700336676,10,0.94056684,1.0251437
2023-04-24,-0.14873315700336676,21,0.7757608,1.0680798
2023-04-25,-0.6271062497978264,1,1.0542572,0.9984047
2023-04-25,-0.6271062497978264,3,0.97293067,0.9962835
2023-04-25,-0.6271062497978264,5,0.9804582,0.9691227
2023-04-25,-0.6271062497978264,10,0.9362723,0.95033115
2023-04-25,-0.6271062497978264,21,0.7394597,1.0206643
2023-04-26,0.57331595380683,1,1.0502006,1.082628
2023-04-26,0.57331595380683,3,0.97258574,1.0670576
2023-04-26,0.57331595380683,5,0.9734191,1.0490525
2023-04-26,0.57331595380683,10,0.9252061,1.0279931
2023-04-26,0.57331595380683,21,0.73888683,1.0660578
2023-04-27,-0.11247675945327273,1,0.97293067,0.9565607
2023-04-27,-0.11247675945327273,3,0.9804582,0.9457961
2023-04-27,-0.11247675945327273,5,0.93423486,0.9341163
2023-04-27,-0.11247675945327273,10,0.9298687,0.9065407
2023-04-27,-0.11247675945327273,21,0.72517705,0.91907203
2023-04-28,0.9086836911547103,1,0.97258574,0.98700124
2023-04-28,0.9086836911547103,3,0.9734191,0.9745022
2023-04-28,0.9086836911547103,5,0.9454321,0.9486303
2023-04-28,0.9086836911547103,10,0.923099,0.9338965
2023-04-28,0.9086836911547103,21,0.724421,0.96596235
2023-05-04,-0.8144637864804238,1,0.9804582,1.0611675
2023-05-04,-0.8144637864804238,3,0.93423486,1.0506545
2023-05-04,-0.8144637864804238,5,0.94056684,1.0306058
2023-05-04,-0.8144637864804238,10,0.915118,1.0176375
2023-05-04,-0.8144637864804238,21,0.70554596,1.0346392
2023-05-05,-0.028833400811034693,1,0.9734191,0.9755638
2023-05-05,-0.028833400811034693,3,0.9454321,0.96931815
2023-05-05,-0.028833400811034693,5,0.9362723,0.9630887
2023-05-05,-0.028833400811034693,10,0.91751724,0.9552409
2023-05-05,-0.028833400811034693,21,0.70582837,0.9697854
2023-05-08,1.254225396620079,1,0.93423486,0.97671443
2023-05-08,1.254225396620079,3,0.94056684,0.9824695
2023-05-08,1.254225396620079,5,0.9252061,0.96360254
2023-05-08,1.254225396620079,10,0.8611686,0.9532292
2023-05-08,1.254225396620079,21,0.708571,0.94263834
2023-05-09,0.03132103612815129,1,0.9454321,0.94313127
2023-05-09,0.03132103612815129,3,0.9362723,0.9511783
2023-05-09,0.03132103612815129,5,0.9298687,0.9327784
2023-05-09,0.03132103612815129,10,0.8598097,0.9137753
2023-05-09,0.03132103612815129,21,0.7002547,0.8987867
2023-05-10,0.42518399494664294,1,0.94056684,0.9802284
2023-05-10,0.42518399494664294,3,0.9252061,0.9861652
2023-05-10,0.42518399494664294,5,0.923099,0.97032565
2023-05-10,0.42518399494664294,10,0.79178226,0.9422168
2023-05-10,0.42518399494664294,21,0.7055024,0.93298775
2023-05-11,-0.10778206377679567,1,0.9362723,0.99532
2023-05-11,-0.10778206377679567,3,0.9298687,0.9860686
2023-05-11,-0.10778206377679567,5,0.915118,0.9809285
2023-05-11,-0.10778206377679567,10,0.7940426,0.946167
2023-05-11,-0.10778206377679567,21,0.703947,0.93235046
2023-05-12,0.9209017915839723,1,0.9252061,0.96191305
2023-05-12,0.9209017915839723,3,0.923099,0.9654049
2023-05-12,0.9209017915839723,5,0.91751724,0.9538635
2023-05-12,0.9209017915839723,10,0.7757608,0.90480113
2023-05-12,0.9209017915839723,21,0.7118363,0.9132727
2023-05-15,-0.11160035107291577,1,0.9298687,0.95448565
2023-05-15,-0.11160035107291577,3,0.915118,0.9377
2023-05-15,-0.11160035107291577,5,0.8611686,0.91925883
2023-05-15,-0.11160035107291577,10,0.7394597,0.8581934
2023-05-15,-0.11160035107291577,21,0.6944326,0.87070805
2023-05-16,0.018765070752468915,1,0.923099,0.9338751
2023-05-16,0.018765070752468915,3,0.91751724,0.9206385
2023-05-16,0.018765070752468915,5,0.8598097,0.9033086
2023-05-16,0.018765070752468915,10,0.73888683,0.85685563
2023-05-16,0.018765070752468915,21,0.65015996,0.8796935
2023-05-17,-0.5144978076297768,1,0.915118,0.9055874
2023-05-17,-0.5144978076297768,3,0.8611686,0.89754325
2023-05-17,-0.5144978076297768,5,0.79178226,0.861685
2023-05-17,-0.5144978076297768,10,0.72517705,0.8206871
2023-05-17,-0.5144978076297768,21,0.6236499,0.86421686
2023-05-18,0.7394044256597176,1,0.91751724,0.9378319
2023-05-18,0.7394044256597176,3,0.8598097,0.92230815
2023-05-18,0.7394044256597176,5,0.7940426,0.8865923
2023-05-18,0.7394044256597176,10,0.724421,0.8578754
2023-05-18,0.7394044256597176,21,0.6264356,0.8895492
2023-05-19,-0.11613859260437565,1,0.8611686,0.88491935
2023-05-19,-0.11613859260437565,3,0.79178226,0.88393724
2023-05-19,-0.11613859260437565,5,0.7757608,0.85321957
2023-05-19,-0.11613859260437565,10,0.70554596,0.82379824
2023-05-19,-0.11613859260437565,21,0.55475557,0.81689644
2023-05-22,0.33400258396527605,1,0.8598097,0.84412265
2023-05-22,0.33400258396527605,3,0.7940426,0.8363514
2023-05-22,0.33400258396527605,5,0.7394597,0.8169365
2023-05-22,0.33400258396527605,10,0.70582837,0.8020189
2023-05-22,0.33400258396527605,21,0.54708815,0.8381892
2023-05-23,-0.4483997608915935,1,0.79178226,0.8683484
2023-05-23,-0.4483997608915935,3,0.7757608,0.8675664
2023-05-23,-0.4483997608915935,5,0.73888683,0.8505791
2023-05-23,-0.4483997608915935,10,0.708571,0.8450745
2023-05-23,-0.4483997608915935,21,0.55543697,0.88195056
2023-05-24,-0.3816439743467903,1,0.7940426,0.8047561
2023-05-24,-0.3816439743467903,3,0.7394597,0.7876191
2023-05-24,-0.3816439743467903,5,0.72517705,0.78732437
2023-05-24,-0.3816439743467903,10,0.7002547,0.7724892
2023-05-24,-0.3816439743467903,21,0.5570362,0.7925624
2023-05-25,0.26711578038556283,1,0.7757608,0.74118644
2023-05-25,0.26711578038556283,3,0.73888683,0.7335417
2023-05-25,0.26711578038556283,5,0.724421,0.71206504
2023-05-25,0.26711578038556283,10,0.7055024,0.7033415
2023-05-25,0.26711578038556283,21,0.5606857,0.7310819
2023-05-26,-0.08175193911403866,1,0.7394597,0.69358164
2023-05-26,-0.08175193911403866,3,0.72517705,0.68101627
2023-05-26,-0.08175193911403866,5,0.70554596,0.65665585
2023-05-26,-0.08175193911403866,10,0.703947,0.6658039
2023-05-26,-0.08175193911403866,21,0.5618912,0.6615017
2023-05-29,1.0492255189080701,1,0.73888683,0.70709354
2023-05-29,1.0492255189080701,3,0.724421,0.70038515
2023-05-29,1.0492255189080701,5,0.70582837,0.6721511
2023-05-29,1.0492255189080701,10,0.7118363,0.66760755
2023-05-29,1.0492255189080701,21,0.56271166,0.6840647
2023-05-30,0.2851796845029675,1,0.72517705,0.697344
2023-05-30,0.2851796845029675,3,0.70554596,0.7046024
2023-05-30,0.2851796845029675,5,0.708571,0.6786795
2023-05-30,0.2851796845029675,10,0.6944326,0.6570277
2023-05-30,0.2851796845029675,21,0.5628318,0.70847243
2023-05-31,-0.26750649886526645,1,0.724421,0.69217134
2023-05-31,-0.26750649886526645,3,0.70582837,0.68759525
2023-05-31,-0.26750649886526645,5,0.7002547,0.6797446
2023-05-31,-0.26750649886526645,10,0.65015996,0.6470049
2023-05-31,-0.26750649886526645,21,0.56247085,0.6855709
2023-06-01,0.2990399524106735,1,0.70554596,0.6866278
2023-06-01,0.2990399524106735,3,0.708571,0.67139655
2023-06-01,0.2990399524106735,5,0.7055024,0.6600025
2023-06-01,0.2990399524106735,10,0.6236499,0.6213922
2023-06-01,0.2990399524106735,21,0.5612256,0.63579273
2023-06-02,1.1478853514778287,1,0.70582837,0.67423844
2023-06-02,1.1478853514778287,3,0.7002547,0.65790063
2023-06-02,1.1478853514778287,5,0.703947,0.66763717
2023-06-02,1.1478853514778287,10,0.6264356,0.62185186
2023-06-02,1.1478853514778287,21,0.55975384,0.6315337
2023-06-05,0.6378353571736106,1,0.708571,0.6741317
2023-06-05,0.6378353571736106,3,0.7055024,0.6663006
2023-06-05,0.6378353571736106,5,0.7118363,0.6629916
2023-06-05,0.6378353571736106,10,0.55475557,0.6215052
2023-06-05,0.6378353571736106,21,0.5636244,0.6515408
2023-06-06,0.9509937364126309,1,0.7002547,0.6552308
2023-06-06,0.9509937364126309,3,0.703947,0.6440652
2023-06-06,0.9509937364126309,5,0.6944326,0.6435842
2023-06-06,0.9509937364126309,10,0.54708815,0.610679
2023-06-06,0.9509937364126309,21,0.56571853,0.64667314
2023-06-07,0.11091824299249708,1,0.7055024,0.6738792
2023-06-07,0.11091824299249708,3,0.7118363,0.660716
2023-06-07,0.11091824299249708,5,0.65015996,0.6560674
2023-06-07,0.11091824299249708,10,0.55543697,0.63249373
2023-06-07,0.11091824299249708,21,0.5543552,0.71548873
2023-06-08,-0.7436054636636769,1,0.703947,0.6437496
2023-06-08,-0.7436054636636769,3,0.6944326,0.6386711
2023-06-08,-0.7436054636636769,5,0.6236499,0.6412219
2023-06-08,-0.7436054636636769,10,0.5570362,0.60237235
2023-06-08,-0.7436054636636769,21,0.55398566,0.66465527
2023-06-09,0.5622850226589371,1,0.7118363,0.65164906
2023-06-09,0.5622850226589371,3,0.65015996,0.64853305
2023-06-09,0.5622850226589371,5,0.6264356,0.63659996
2023-06-09,0.5622850226589371,10,0.5606857,0.61834043
2023-06-09,0.5622850226589371,21,0.56070244,0.68119127
2023-06-12,0.7636474339093979,1,0.6944326,0.65708214
2023-06-12,0.7636474339093979,3,0.6236499,0.6538903
2023-06-12,0.7636474339093979,5,0.55475557,0.62446743
2023-06-12,0.7636474339093979,10,0.5618912,0.6044285
2023-06-12,0.7636474339093979,21,0.5727231,0.6154591
2023-06-13,0.5753920309974347,1,0.65015996,0.6184654
2023-06-13,0.5753920309974347,3,0.6264356,0.613402
2023-06-13,0.5753920309974347,5,0.54708815,0.5933507
2023-06-13,0.5753920309974347,10,0.56271166,0.58477265
2023-06-13,0.5753920309974347,21,0.58286136,0.6266472
2023-06-14,-0.4500248679337737,1,0.6236499,0.6193131
2023-06-14,-0.4500248679337737,3,0.55475557,0.6232913
2023-06-14,-0.4500248679337737,5,0.55543697,0.61940837
2023-06-14,-0.4500248679337737,10,0.5628318,0.62136894
2023-06-14,-0.4500248679337737,21,0.57773155,0.69605035
2023-06-15,-0.040279450416846885,1,0.6264356,0.63065386
2023-06-15,-0.040279450416846885,3,0.54708815,0.6176594
2023-06-15,-0.040279450416846885,5,0.5570362,0.60879844
2023-06-15,-0.040279450416846885,10,0.56247085,0.6041438
2023-06-15,-0.040279450416846885,21,0.55590975,0.6516595
2023-06-16,-0.15679672057791194,1,0.55475557,0.48739558
2023-06-16,-0.15679672057791194,3,0.55543697,0.49096397
2023-06-16,-0.15679672057791194,5,0.5606857,0.4565852
2023-06-16,-0.15679672057791194,10,0.5612256,0.48436007
2023-06-16,-0.15679672057791194,21,0.5655083,0.4980432
2023-06-19,-0.8844434449153837,1,0.54708815,0.53101784
2023-06-19,-0.8844434449153837,3,0.5570362,0.53090525
2023-06-19,-0.8844434449153837,5,0.5618912,0.5165635
2023-06-19,-0.8844434449153837,10,0.55975384,0.54223996
2023-06-19,-0.8844434449153837,21,0.56557506,0.57313824
2023-06-20,0.5701105143633534,1,0.55543697,0.49806666
2023-06-20,0.5701105143633534,3,0.5606857,0.50172544
2023-06-20,0.5701105143633534,5,0.56271166,0.49027747
2023-06-20,0.5701105143633534,10,0.5636244,0.5124826
2023-06-20,0.5701105143633534,21,0.55793256,0.60142606
2023-06-21,0.6044373566412631,1,0.5570362,0.4929896
2023-06-21,0.6044373566412631,3,0.5618912,0.49439082
2023-06-21,0.6044373566412631,5,0.5628318,0.48524946
2023-06-21,0.6044373566412631,10,0.56571853,0.5066278
2023-06-21,0.6044373566412631,21,0.5577096,0.5644626
2023-06-22,0.6096927646742856,1,0.5606857,0.5622058
2023-06-22,0.6096927646742856,3,0.56271166,0.5635252
2023-06-22,0.6096927646742856,5,0.56247085,0.5516661
2023-06-22,0.6096927646742856,10,0.5543552,0.5735856
2023-06-22,0.6096927646742856,21,0.5493631,0.64562595
2023-06-23,0.3619142808189757,1,0.5618912,0.52408844
2023-06-23,0.3619142808189757,3,0.5628318,0.52197737
2023-06-23,0.3619142808189757,5,0.5612256,0.50812995
2023-06-23,0.3619142808189757,10,0.55398566,0.53000724
2023-06-23,0.3619142808189757,21,0.54822725,0.56845105
2023-06-26,0.23436716146054692,1,0.56271166,0.55451155
2023-06-26,0.23436716146054692,3,0.56247085,0.55385953
2023-06-26,0.23436716146054692,5,0.55975384,0.5448405
2023-06-26,0.23436716146054692,10,0.56070244,0.56298465
2023-06-26,0.23436716146054692,21,0.5497469,0.6117379
2023-06-27,0.20296870661287159,1,0.5628318,0.54866517
2023-06-27,0.20296870661287159,3,0.5612256,0.5535274
2023-06-27,0.20296870661287159,5,0.5636244,0.54932314
2023-06-27,0.20296870661287159,10,0.5727231,0.5673807
2023-06-27,0.20296870661287159,21,0.5484041,0.63669074
2023-06-28,0.35376772731554595,1,0.56247085,0.5547776
2023-06-28,0.35376772731554595,3,0.55975384,0.55562985
2023-06-28,0.35376772731554595,5,0.56571853,0.5424548
2023-06-28,0.35376772731554595,10,0.58286136,0.55865896
2023-06-28,0.35376772731554595,21,0.5472729,0.59622866
2023-06-29,-1.1450203287848737,1,0.5612256,0.5791222
2023-06-29,-1.1450203287848737,3,0.5636244,0.5716483
2023-06-29,-1.1450203287848737,5,0.5543552,0.57236224
2023-06-29,-1.1450203287848737,10,0.57773155,0.5872527
2023-06-29,-1.1450203287848737,21,0.5407142,0.62312317
2023-06-30,-0.4640255568484797,1,0.55975384,0.5488794
2023-06-30,-0.4640255568484797,3,0.56571853,0.55372655
2023-06-30,-0.4640255568484797,5,0.55398566,0.54262507
2023-06-30,-0.4640255568484797,10,0.55590975,0.55168456
2023-06-30,-0.4640255568484797,21,0.527971,0.57578766
2023-07-03,0.4737994685089397,1,0.5636244,0.5388371
2023-07-03,0.4737994685089397,3,0.5543552,0.5435529
2023-07-03,0.4737994685089397,5,0.56070244,0.5313325
2023-07-03,0.4737994685089397,10,0.5655083,0.5471542
2023-07-03,0.4737994685089397,21,0.53283864,0.59780675
2023-07-04,0.575859841634152,1,0.56571853,0.53756547
2023-07-04,0.575859841634152,3,0.55398566,0.5310491
2023-07-04,0.575859841634152,5,0.5727231,0.51857525
2023-07-04,0.575859841634152,10,0.56557506,0.5337013
2023-07-04,0.575859841634152,21,0.53280705,0.5973156
2023-07-05,0.23118133316373246,1,0.5543552,0.5372139
2023-07-05,0.23118133316373246,3,0.56070244,0.5313602
2023-07-05,0.23118133316373246,5,0.58286136,0.5221007
2023-07-05,0.23118133316373246,10,0.55793256,0.530368
2023-07-05,0.23118133316373246,21,0.53933656,0.57639855
2023-07-06,-0.7430900596913759,1,0.55398566,0.54118586
2023-07-06,-0.7430900596913759,3,0.5727231,0.5420871
2023-07-06,-0.7430900596913759,5,0.57773155,0.54065645
2023-07-06,-0.7430900596913759,10,0.5577096,0.54422987
2023-07-06,-0.7430900596913759,21,0.53880215,0.614209
2023-07-07,1.0466952720224576,1,0.56070244,0.546403
2023-07-07,1.0466952720224576,3,0.58286136,0.53943604
2023-07-07,1.0466952720224576,5,0.55590975,0.5266436
2023-07-07,1.0466952720224576,10,0.5493631,0.53078896
2023-07-07,1.0466952720224576,21,0.5526724,0.55105025
2023-07-10,0.957555991957193,1,0.5727231,0.5622202
2023-07-10,0.957555991957193,3,0.57773155,0.5578554
2023-07-10,0.957555991957193,5,0.5655083,0.5237322
2023-07-10,0.957555991957193,10,0.54822725,0.54474527
2023-07-10,0.957555991957193,21,0.56061196,0.5812778
2023-07-11,0.23904844071411802,1,0.58286136,0.56424093
2023-07-11,0.23904844071411802,3,0.55590975,0.5636439
2023-07-11,0.23904844071411802,5,0.56557506,0.5382533
2023-07-11,0.23904844071411802,10,0.5497469,0.5664384
2023-07-11,0.23904844071411802,21,0.5737095,0.5968692
2023-07-12,0.21075737320765953,1,0.57773155,0.5525038
2023-07-12,0.21075737320765953,3,0.5655083,0.5589668
2023-07-12,0.21075737320765953,5,0.55793256,0.5366943
2023-07-12,0.21075737320765953,10,0.5484041,0.54645735
2023-07-12,0.21075737320765953,21,0.57342225,0.60230666
2023-07-13,0.9674073774467828,1,0.55590975,0.541721
2023-07-13,0.9674073774467828,3,0.56557506,0.53923553
2023-07-13,0.9674073774467828,5,0.5577096,0.5199697
2023-07-13,0.9674073774467828,10,0.5472729,0.54740024
2023-07-13,0.9674073774467828,21,0.57711494,0.61627835
2023-07-14,0.25537544622515895,1,0.5655083,0.5756087
2023-07-14,0.25537544622515895,3,0.55793256,0.5737739
2023-07-14,0.25537544622515895,5,0.5493631,0.550182
2023-07-14,0.25537544622515895,10,0.5407142,0.601723
2023-07-14,0.25537544622515895,21,0.5985276,0.66933334
2023-07-17,0.4040098938509651,1,0.56557506,0.56789666
2023-07-17,0.4040098938509651,3,0.5577096,0.55936855
2023-07-17,0.4040098938509651,5,0.54822725,0.5294403
2023-07-17,0.4040098938509651,10,0.527971,0.563577
2023-07-17,0.4040098938509651,21,0.60394114,0.58656406
2023-07-18,0.08179889857178324,1,0.55793256,0.5578228
2023-07-18,0.08179889857178324,3,0.5493631,0.5489916
2023-07-18,0.08179889857178324,5,0.5497469,0.53273547
2023-07-18,0.08179889857178324,10,0.53283864,0.5572931
2023-07-18,0.08179889857178324,21,0.60407066,0.60298127
2023-07-19,-0.09458602280760786,1,0.5577096,0.5729827
2023-07-19,-0.09458602280760786,3,0.54822725,0.5598332
2023-07-19,-0.09458602280760786,5,0.5484041,0.54566854
2023-07-19,-0.09458602280760786,10,0.53280705,0.5635026
2023-07-19,-0.09458602280760786,21,0.60050166,0.6140482
2023-07-20,-0.014494051070013114,1,0.5493631,0.6061186
2023-07-20,-0.014494051070013114,3,0.5497469,0.59930867
2023-07-20,-0.014494051070013114,5,0.5472729,0.57592213
2023-07-20,-0.014494051070013114,10,0.53933656,0.6075621
2023-07-20,-0.014494051070013114,21,0.59822893,0.6346242
2023-07-21,1.1099401271712495,1,0.54822725,0.59506416
2023-07-21,1.1099401271712495,3,0.5484041,0.572822
2023-07-21,1.1099401271712495,5,0.5407142,0.5594761
2023-07-21,1.1099401271712495,10,0.53880215,0.5874353
2023-07-21,1.1099401271712495,21,0.6132191,0.6168925
2023-07-24,0.40561861875083594,1,0.5497469,0.575904
2023-07-24,0.40561861875083594,3,0.5472729,0.5729519
2023-07-24,0.40561861875083594,5,0.527971,0.5442114
2023-07-24,0.40561861875083594,10,0.5526724,0.55796665
2023-07-24,0.40561861875083594,21,0.87198,0.5585484
2023-07-25,0.434087381650361,1,0.5484041,0.57059723
2023-07-25,0.434087381650361,3,0.5407142,0.5618188
2023-07-25,0.434087381650361,5,0.53283864,0.545966
2023-07-25,0.434087381650361,10,0.56061196,0.5690427
2023-07-25,0.434087381650361,21,0.86443466,0.5950048
2023-07-26,0.4122271915603548,1,0.5472729,0.60522157
2023-07-26,0.4122271915603548,3,0.527971,0.59443134
2023-07-26,0.4122271915603548,5,0.53280705,0.5770468
2023-07-26,0.4122271915603548,10,0.5737095,0.6129938
2023-07-26,0.4122271915603548,21,0.8643469,0.6139696
2023-07-27,-0.29272341046251427,1,0.5407142,0.57157713
2023-07-27,-0.29272341046251427,3,0.53283864,0.5640767
2023-07-27,-0.29272341046251427,5,0.53933656,0.5444331
2023-07-27,-0.29272341046251427,10,0.57342225,0.57561886
2023-07-27,-0.29272341046251427,21,0.8691829,0.60109717
2023-07-28,0.8598805580946056,1,0.527971,0.5571052
2023-07-28,0.8598805580946056,3,0.53280705,0.5598951
2023-07-28,0.8598805580946056,5,0.53880215,0.5441783
2023-07-28,0.8598805580946056,10,0.57711494,0.57565594
2023-07-28,0.8598805580946056,21,0.88434213,0.61369437
2023-07-31,1.2532203828638622,1,0.53283864,0.56890666
2023-07-31,1.2532203828638622,3,0.53933656,0.56894094
2023-07-31,1.2532203828638622,5,0.5526724,0.55553234
2023-07-31,1.2532203828638622,10,0.5985276,0.5927198
2023-07-31,1.2532203828638622,21,0.87899953,0.620416
2023-08-01,-0.4376231138695452,1,0.53280705,0.559639
2023-08-01,-0.4376231138695452,3,0.53880215,0.56026024
2023-08-01,-0.4376231138695452,5,0.56061196,0.53461176
2023-08-01,-0.4376231138695452,10,0.60394114,0.5795222
2023-08-01,-0.4376231138695452,21,0.8949983,0.6045136
2023-08-02,0.23543995879782287,1,0.53933656,0.56238645
2023-08-02,0.23543995879782287,3,0.5526724,0.5486652
2023-08-02,0.23543995879782287,5,0.5737095,0.5328244
2023-08-02,0.23543995879782287,10,0.60407066,0.57435185
2023-08-02,0.23543995879782287,21,0.88898486,0.61174834
2023-08-03,-0.7798080135473562,1,0.53880215,0.5867397
2023-08-03,-0.7798080135473562,3,0.56061196,0.58576113
2023-08-03,-0.7798080135473562,5,0.57342225,0.5679192
2023-08-03,-0.7798080135473562,10,0.60050166,0.59978503
2023-08-03,-0.7798080135473562,21,0.8921064,0.6477112
2023-08-04,1.2335348640258204,1,0.5526724,0.5599728
2023-08-04,1.2335348640258204,3,0.5737095,0.5497236
2023-08-04,1.2335348640258204,5,0.57711494,0.53182495
2023-08-04,1.2335348640258204,10,0.59822893,0.5820647
2023-08-04,1.2335348640258204,21,0.8894282,0.60648936
2023-08-07,1.2515361542979164,1,0.56061196,0.5861798
2023-08-07,1.2515361542979164,3,0.57342225,0.58436084
2023-08-07,1.2515361542979164,5,0.5985276,0.5570354
2023-08-07,1.2515361542979164,10,0.6132191,0.6122079
2023-08-07,1.2515361542979164,21,0.8927694,0.6489764
2023-08-08,0.06522658415786253,1,0.5737095,0.58689404
2023-08-08,0.06522658415786253,3,0.57711494,0.5814057
2023-08-08,0.06522658415786253,5,0.60394114,0.5589531
2023-08-08,0.06522658415786253,10,0.87198,0.5965398
2023-08-08,0.06522658415786253,21,0.89375365,0.6333048
2023-08-09,-0.6655329829166945,1,0.57342225,0.61780715
2023-08-09,-0.6655329829166945,3,0.5985276,0.60139424
2023-08-09,-0.6655329829166945,5,0.60407066,0.5818428
2023-08-09,-0.6655329829166945,10,0.86443466,0.61829656
2023-08-09,-0.6655329829166945,21,0.8935212,0.6633192
2023-08-10,-1.0902087935829918,1,0.57711494,0.6134592
2023-08-10,-1.0902087935829918,3,0.60394114,0.6145341
2023-08-10,-1.0902087935829918,5,0.60050166,0.59298235
2023-08-10,-1.0902087935829918,10,0.8643469,0.61731243
2023-08-10,-1.0902087935829918,21,0.8907746,0.636513
2023-08-11,0.9458571344241662,1,0.5985276,0.63181335
2023-08-11,0.9458571344241662,3,0.60407066,0.631327
2023-08-11,0.9458571344241662,5,0.59822893,0.60611355
2023-08-11,0.9458571344241662,10,0.8691829,0.62994623
2023-08-11,0.9458571344241662,21,0.9143814,0.6304247
2023-08-14,0.3750434723507112,1,0.60394114,0.6068214
2023-08-14,0.3750434723507112,3,0.60050166,0.6089048
2023-08-14,0.3750434723507112,5,0.6132191,0.5802474
2023-08-14,0.3750434723507112,10,0.88434213,0.60590166
2023-08-14,0.3750434723507112,21,0.9364457,0.6005538
2023-08-15,-0.22582965536530608,1,0.60407066,0.6052044
2023-08-15,-0.22582965536530608,3,0.59822893,0.6163209
2023-08-15,-0.22582965536530608,5,0.87198,0.5948973
2023-08-15,-0.22582965536530608,10,0.87899953,0.6056394
2023-08-15,-0.22582965536530608,21,0.9312855,0.6203598
2023-08-16,0.7435518713997169,1,0.60050166,0.59904
2023-08-16,0.7435518713997169,3,0.6132191,0.6029163
2023-08-16,0.7435518713997169,5,0.86443466,0.5908447
2023-08-16,0.7435518713997169,10,0.8949983,0.6030759
2023-08-16,0.7435518713997169,21,0.946293,0.6192909
2023-08-17,-0.7897519184214552,1,0.59822893,0.62612146
2023-08-17,-0.7897519184214552,3,0.87198,0.625784
2023-08-17,-0.7897519184214552,5,0.8643469,0.59960264
2023-08-17,-0.7897519184214552,10,0.88898486,0.62579656
2023-08-17,-0.7897519184214552,21,0.94468623,0.62951505
2023-08-18,-4.602984660167664,1,0.6132191,0.601666
2023-08-18,-4.602984660167664,3,0.86443466,0.60013914
2023-08-18,-4.602984660167664,5,0.8691829,0.5762441
2023-08-18,-4.602984660167664,10,0.8921064,0.6013395
2023-08-18,-4.602984660167664,21,0.96024686,0.6025713
2023-08-21,0.15014317315307224,1,0.87198,0.84116846
2023-08-21,0.15014317315307224,3,0.8643469,0.84654737
2023-08-21,0.15014317315307224,5,0.88434213,0.8376393
2023-08-21,0.15014317315307224,10,0.8894282,0.85180014
2023-08-21,0.15014317315307224,21,0.95992434,0.826851
2023-08-22,0.06185785601333649,1,0.86443466,0.7496524
2023-08-22,0.06185785601333649,3,0.8691829,0.76811796
2023-08-22,0.06185785601333649,5,0.87899953,0.7504787
2023-08-22,0.06185785601333649,10,0.8927694,0.7543752
2023-08-22,0.06185785601333649,21,0.9697781,0.750629
2023-08-23,-0.6740213783773541,1,0.8643469,0.74830186
2023-08-23,-0.6740213783773541,3,0.88434213,0.76142526
2023-08-23,-0.6740213783773541,5,0.8949983,0.742739
2023-08-23,-0.6740213783773541,10,0.89375365,0.76580757
2023-08-23,-0.6740213783773541,21,0.98240167,0.75904745
2023-08-24,1.4251177917633306,1,0.8691829,0.7919442
2023-08-24,1.4251177917633306,3,0.87899953,0.79779774
2023-08-24,1.4251177917633306,5,0.88898486,0.7878645
2023-08-24,1.4251177917633306,10,0.8935212,0.79790735
2023-08-24,1.4251177917633306,21,1.0069643,0.7902082
2023-08-25,-0.5074270399886949,1,0.88434213,0.7734609
2023-08-25,-0.5074270399886949,3,0.8949983,0.78847283
2023-08-25,-0.5074270399886949,5,0.8921064,0.7778182
2023-08-25,-0.5074270399886949,10,0.8907746,0.78432304
2023-08-25,-0.5074270399886949,21,1.0903865,0.79859
2023-08-28,1.5387563630925527,1,0.87899953,0.8114789
2023-08-28,1.5387563630925527,3,0.88898486,0.8098821
2023-08-28,1.5387563630925527,5,0.8894282,0.7951663
2023-08-28,1.5387563630925527,10,0.9143814,0.8199646
2023-08-28,1.5387563630925527,21,1.1026413,0.8059705
2023-08-29,0.22525620978628424,1,0.8949983,0.88011175
2023-08-29,0.22525620978628424,3,0.8921064,0.8829031
2023-08-29,0.22525620978628424,5,0.8927694,0.86393154
2023-08-29,0.22525620978628424,10,0.9364457,0.89097494
2023-08-29,0.22525620978628424,21,1.1149417,0.889986
2023-08-30,0.7222099649186298,1,0.88898486,0.8506322
2023-08-30,0.7222099649186298,3,0.8894282,0.8404108
2023-08-30,0.7222099649186298,5,0.89375365,0.8370369
2023-08-30,0.7222099649186298,10,0.9312855,0.8601621
2023-08-30,0.7222099649186298,21,1.1129471,0.8817292
2023-08-31,0.8936507296382956,1,0.8921064,0.8323975
2023-08-31,0.8936507296382956,3,0.8927694,0.8244546
2023-08-31,0.8936507296382956,5,0.8935212,0.81365323
2023-08-31,0.8936507296382956,10,0.946293,0.83352596
2023-08-31,0.8936507296382956,21,1.1127492,0.85399044
2023-09-05,0.8889742687815172,1,0.8894282,0.81976855
2023-09-05,0.8889742687815172,3,0.89375365,0.81504834
2023-09-05,0.8889742687815172,5,0.8907746,0.79489416
2023-09-05,0.8889742687815172,10,0.94468623,0.80604297
2023-09-05,0.8889742687815172,21,1.1082278,0.8122131
2023-09-06,0.8482280103271123,1,0.8927694,0.8458731
2023-09-06,0.8482280103271123,3,0.8935212,0.8291751
2023-09-06,0.8482280103271123,5,0.9143814,0.81445116
2023-09-06,0.8482280103271123,10,0.96024686,0.8156271
2023-09-06,0.8482280103271123,21,1.178516,0.8057152
2023-09-07,-0.18966188017888186,1,0.89375365,0.8017643
2023-09-07,-0.18966188017888186,3,0.8907746,0.7982647
2023-09-07,-0.18966188017888186,5,0.9364457,0.77875704
2023-09-07,-0.18966188017888186,10,0.95992434,0.79414654
2023-09-07,-0.18966188017888186,21,1.1782856,0.8087854
2023-09-08,-0.13362206268912047,1,0.8935212,0.86508495
2023-09-08,-0.13362206268912047,3,0.9143814,0.86594665
2023-09-08,-0.13362206268912047,5,0.9312855,0.85178834
2023-09-08,-0.13362206268912047,10,0.9697781,0.8723112
2023-09-08,-0.13362206268912047,21,1.1891779,0.88329583
2023-09-11,-1.4482365481083725,1,0.8907746,0.8487697
2023-09-11,-1.4482365481083725,3,0.9364457,0.8541901
2023-09-11,-1.4482365481083725,5,0.946293,0.8323179
2023-09-11,-1.4482365481083725,10,0.98240167,0.8602534
2023-09-11,-1.4482365481083725,21,1.2014829,0.8653742
2023-09-12,1.766703032505923,1,0.9143814,0.89999914
2023-09-12,1.766703032505923,3,0.9312855,0.8974686
2023-09-12,1.766703032505923,5,0.94468623,0.87479246
2023-09-12,1.766703032505923,10,1.0069643,0.8959959
2023-09-12,1.766703032505923,21,1.1990906,0.89750826
2023-09-13,-0.5676732250071481,1,0.9364457,0.85933024
2023-09-13,-0.5676732250071481,3,0.946293,0.8582024
2023-09-13,-0.5676732250071481,5,0.96024686,0.8428576
2023-09-13,-0.5676732250071481,10,1.0903865,0.8622791
2023-09-13,-0.5676732250071481,21,1.2009355,0.87489814
2023-09-14,-1.1843205602589002,1,0.9312855,0.9942754
2023-09-14,-1.1843205602589002,3,0.94468623,0.9992264
2023-09-14,-1.1843205602589002,5,0.95992434,0.9938217
2023-09-14,-1.1843205602589002,10,1.1026413,0.9947092
2023-09-14,-1.1843205602589002,21,1.2025762,1.0273689
2023-09-15,0.28965779461156416,1,0.946293,0.8905931
2023-09-15,0.28965779461156416,3,0.96024686,0.91196483
2023-09-15,0.28965779461156416,5,0.9697781,0.8936561
2023-09-15,0.28965779461156416,10,1.1149417,0.8930727
2023-09-15,0.28965779461156416,21,1.2025577,0.92265993
2023-09-18,-1.275041154731671,1,0.94468623,0.8683989
2023-09-18,-1.275041154731671,3,0.95992434,0.8785526
2023-09-18,-1.275041154731671,5,0.98240167,0.87563056
2023-09-18,-1.275041154731671,10,1.1129471,0.8955893
2023-09-18,-1.275041154731671,21,1.2031505,0.9258416
2023-09-19,-0.025584840708869905,1,0.96024686,0.92636675
2023-09-19,-0.025584840708869905,3,0.9697781,0.9483664
2023-09-19,-0.025584840708869905,5,1.0069643,0.93803567
2023-09-19,-0.025584840708869905,10,1.1127492,0.9400392
2023-09-19,-0.025584840708869905,21,1.2118611,0.9633629
2023-09-20,1.198729489010475,1,0.95992434,0.9619419
2023-09-20,1.198729489010475,3,0.98240167,0.9705135
2023-09-20,1.198729489010475,5,1.0903865,0.97431684
2023-09-20,1.198729489010475,10,1.1082278,0.9781112
2023-09-20,1.198729489010475,21,1.2216305,0.9767222
2023-09-21,-1.096429377788688,1,0.9697781,1.0497367
2023-09-21,-1.096429377788688,3,1.0069643,1.0615375
2023-09-21,-1.096429377788688,5,1.1026413,1.0532227
2023-09-21,-1.096429377788688,10,1.178516,1.046919
2023-09-21,-1.096429377788688,21,1.2357167,1.0323535
2023-09-22,-1.6369209000764329,1,0.98240167,1.046941
2023-09-22,-1.6369209000764329,3,1.0903865,1.0576705
2023-09-22,-1.6369209000764329,5,1.1149417,1.0548509
2023-09-22,-1.6369209000764329,10,1.1782856,1.0606356
2023-09-22,-1.6369209000764329,21,1.2444407,1.0576937
2023-09-25,-3.3972366603786774,1,1.0069643,1.0708127
2023-09-25,-3.3972366603786774,3,1.1026413,1.0725391
2023-09-25,-3.3972366603786774,5,1.1129471,1.0732306
2023-09-25,-3.3972366603786774,10,1.1891779,1.0719826
2023-09-25,-3.3972366603786774,21,1.2684807,1.1042241
2023-09-26,-1.330350108061129,1,1.0903865,1.1597693
2023-09-26,-1.330350108061129,3,1.1149417,1.1744969
2023-09-26,-1.330350108061129,5,1.1127492,1.1650231
2023-09-26,-1.330350108061129,10,1.2014829,1.1769674
2023-09-26,-1.330350108061129,21,1.2773664,1.1680208
2023-09-27,1.3866991266952233,1,1.1026413,1.1687355
2023-09-27,1.3866991266952233,3,1.1129471,1.18469
2023-09-27,1.3866991266952233,5,1.1082278,1.1625607
2023-09-27,1.3866991266952233,10,1.1990906,1.1902871
2023-09-27,1.3866991266952233,21,1.281306,1.1641295
2023-09-28,-0.12314204514982663,1,1.1149417,1.1559846
2023-09-28,-0.12314204514982663,3,1.1127492,1.1700594
2023-09-28,-0.12314204514982663,5,1.178516,1.1543031
2023-09-28,-0.12314204514982663,10,1.2009355,1.1706727
2023-09-28,-0.12314204514982663,21,1.2685723,1.1864022
2023-09-29,0.14913857909171213,1,1.1129471,1.1382613
2023-09-29,0.14913857909171213,3,1.1082278,1.146372
2023-09-29,0.14913857909171213,5,1.1782856,1.1359297
2023-09-29,0.14913857909171213,10,1.2025762,1.1606286
2023-09-29,0.14913857909171213,21,1.3732039,1.137716
2023-10-02,0.09526284603689206,1,1.1127492,1.1864309
2023-10-02,0.09526284603689206,3,1.178516,1.1876398
2023-10-02,0.09526284603689206,5,1.1891779,1.1783698
2023-10-02,0.09526284603689206,10,1.2025577,1.2134775
2023-10-02,0.09526284603689206,21,1.3750405,1.1969931
2023-10-03,-3.26859545970537,1,1.1082278,1.1043069
2023-10-03,-3.26859545970537,3,1.1782856,1.1061852
2023-10-03,-3.26859545970537,5,1.2014829,1.0817121
2023-10-03,-3.26859545970537,10,1.2031505,1.1099823
2023-10-03,-3.26859545970537,21,1.3867087,1.0952481
2023-10-04,0.940913220455819,1,1.178516,1.216023
2023-10-04,0.940913220455819,3,1.1891779,1.221517
2023-10-04,0.940913220455819,5,1.1990906,1.202073
2023-10-04,0.940913220455819,10,1.2118611,1.2243116
2023-10-04,0.940913220455819,21,1.3803673,1.1845847
2023-10-05,-1.318155501359275,1,1.1782856,1.1461241
2023-10-05,-1.318155501359275,3,1.2014829,1.1639209
2023-10-05,-1.318155501359275,5,1.2009355,1.159218
2023-10-05,-1.318155501359275,10,1.2216305,1.1923378
2023-10-05,-1.318155501359275,21,1.3778334,1.1825587
2023-10-06,1.3066368566479802,1,1.1891779,1.3564591
2023-10-06,1.3066368566479802,3,1.1990906,1.3721924
2023-10-06,1.3066368566479802,5,1.2025762,1.3750169
2023-10-06,1.3066368566479802,10,1.2357167,1.3705604
2023-10-06,1.3066368566479802,21,1.4557279,1.3414626
2023-10-09,0.778502541667514,1,1.2014829,1.252497
2023-10-09,0.778502541667514,3,1.2009355,1.2740337
2023-10-09,0.778502541667514,5,1.2025577,1.2552036
2023-10-09,0.778502541667514,10,1.2444407,1.2687521
2023-10-09,0.778502541667514,21,1.4553835,1.2555785
2023-10-10,0.5550089869872821,1,1.1990906,1.1573431
2023-10-10,0.5550089869872821,3,1.2025762,1.1777326
2023-10-10,0.5550089869872821,5,1.2031505,1.1781621
2023-10-10,0.5550089869872821,10,1.2684807,1.1972097
2023-10-10,0.5550089869872821,21,1.4620908,1.1991154
2023-10-11,0.6206165049552403,1,1.2009355,1.2289898
2023-10-11,0.6206165049552403,3,1.2025577,1.2543552
2023-10-11,0.6206165049552403,5,1.2118611,1.2283714
2023-10-11,0.6206165049552403,10,1.2773664,1.2342179
2023-10-11,0.6206165049552403,21,1.4570216,1.205305
2023-10-12,0.06949210241353754,1,1.2025762,1.2439833
2023-10-12,0.06949210241353754,3,1.2031505,1.2506946
2023-10-12,0.06949210241353754,5,1.2216305,1.2389364
2023-10-12,0.06949210241353754,10,1.281306,1.2555184
2023-10-12,0.06949210241353754,21,1.5133189,1.212878
2023-10-13,0.27055871235397433,1,1.2025577,1.2452388
2023-10-13,0.27055871235397433,3,1.2118611,1.2576797
2023-10-13,0.27055871235397433,5,1.2357167,1.2402925
2023-10-13,0.27055871235397433,10,1.2685723,1.2311158
2023-10-13,0.27055871235397433,21,1.5135562,1.235398
2023-10-16,-1.1593449104465137,1,1.2031505,1.2331402
2023-10-16,-1.1593449104465137,3,1.2216305,1.2400267
2023-10-16,-1.1593449104465137,5,1.2444407,1.2219555
2023-10-16,-1.1593449104465137,10,1.3732039,1.2227209
2023-10-16,-1.1593449104465137,21,1.5134183,1.1845932
2023-10-17,-1.7472285830763212,1,1.2118611,1.2601671
2023-10-17,-1.7472285830763212,3,1.2357167,1.2739464
2023-10-17,-1.7472285830763212,5,1.2684807,1.2679535
2023-10-17,-1.7472285830763212,10,1.3750405,1.2566128
2023-10-17,-1.7472285830763212,21,1.5114905,1.2540228
2023-10-18,-1.6404493620984617,1,1.2216305,1.3800774
2023-10-18,-1.6404493620984617,3,1.2444407,1.4044849
2023-10-18,-1.6404493620984617,5,1.2773664,1.3834195
2023-10-18,-1.6404493620984617,10,1.3867087,1.3879863
2023-10-18,-1.6404493620984617,21,1.4038221,1.3345674
2023-10-19,-1.4193050574118793,1,1.2357167,1.3330209
2023-10-19,-1.4193050574118793,3,1.2684807,1.3511065
2023-10-19,-1.4193050574118793,5,1.281306,1.322304
2023-10-19,-1.4193050574118793,10,1.3803673,1.3404524
2023-10-19,-1.4193050574118793,21,1.4125087,1.3043642
2023-10-20,1.8380392488748676,1,1.2444407,1.4199429
2023-10-20,1.8380392488748676,3,1.2773664,1.446804
2023-10-20,1.8380392488748676,5,1.2685723,1.4395375
2023-10-20,1.8380392488748676,10,1.3778334,1.438632
2023-10-20,1.8380392488748676,21,1.4131137,1.4612105
2023-10-23,-1.3172668170216006,1,1.2684807,1.3862431
2023-10-23,-1.3172668170216006,3,1.281306,1.402015
2023-10-23,-1.3172668170216006,5,1.3732039,1.3964673
2023-10-23,-1.3172668170216006,10,1.4557279,1.3985965
2023-10-23,-1.3172668170216006,21,1.4367813,1.3770661
2023-10-24,1.1248487498570547,1,1.2773664,1.4552712
2023-10-24,1.1248487498570547,3,1.2685723,1.4615614
2023-10-24,1.1248487498570547,5,1.3750405,1.4514362
2023-10-24,1.1248487498570547,10,1.4553835,1.4577808
2023-10-24,1.1248487498570547,21,1.4236351,1.4147338
2023-10-25,-0.3841349919164294,1,1.281306,1.4325676
2023-10-25,-0.3841349919164294,3,1.3732039,1.4413321
2023-10-25,-0.3841349919164294,5,1.3867087,1.4151862
2023-10-25,-0.3841349919164294,10,1.4620908,1.4192032
2023-10-25,-0.3841349919164294,21,1.4258492,1.3919533
2023-10-26,-4.2850916910071035,1,1.2685723,1.5241613
2023-10-26,-4.2850916910071035,3,1.3750405,1.5414755
2023-10-26,-4.2850916910071035,5,1.3803673,1.5173604
2023-10-26,-4.2850916910071035,10,1.4570216,1.5183344
2023-10-26,-4.2850916910071035,21,1.4107836,1.4811122
2023-10-27,0.4886426523767362,1,1.3732039,1.5315416
2023-10-27,0.4886426523767362,3,1.3867087,1.5457951
2023-10-27,0.4886426523767362,5,1.3778334,1.5332484
2023-10-27,0.4886426523767362,10,1.5133189,1.5409465
2023-10-27,0.4886426523767362,21,1.437092,1.488653
2023-10-30,-1.7327895965211226,1,1.3750405,1.5269158
2023-10-30,-1.7327895965211226,3,1.3803673,1.5394351
2023-10-30,-1.7327895965211226,5,1.4557279,1.5326853
2023-10-30,-1.7327895965211226,10,1.5135562,1.4887052
2023-10-30,-1.7327895965211226,21,1.4363943,1.4152839
2023-10-31,-1.37257719708197,1,1.3867087,1.4610159
2023-10-31,-1.37257719708197,3,1.3778334,1.4823177
2023-10-31,-1.37257719708197,5,1.4553835,1.469064
2023-10-31,-1.37257719708197,10,1.5134183,1.4202225
2023-10-31,-1.37257719708197,21,1.4311585,1.3816044
2023-11-01,1.1093761767680732,1,1.3803673,1.4933753
2023-11-01,1.1093761767680732,3,1.4557279,1.5221322
2023-11-01,1.1093761767680732,5,1.4620908,1.524192
2023-11-01,1.1093761767680732,10,1.5114905,1.4812958
2023-11-01,1.1093761767680732,21,1.428715,1.4769127
2023-11-02,3.386403870845367,1,1.3778334,1.5388546
2023-11-02,3.386403870845367,3,1.4553835,1.5531304
2023-11-02,3.386403870845367,5,1.4570216,1.5290607
2023-11-02,3.386403870845367,10,1.4038221,1.4855044
2023-11-02,3.386403870845367,21,1.4267223,1.471303
2023-11-03,0.12173308507597014,1,1.4557279,1.5972688
2023-11-03,0.12173308507597014,3,1.4620908,1.6081638
2023-11-03,0.12173308507597014,5,1.5133189,1.5731012
2023-11-03,0.12173308507597014,10,1.4125087,1.5153177
2023-11-03,0.12173308507597014,21,1.4286939,1.5012169
2023-11-06,1.1890614791752796,1,1.4553835,1.5584075
2023-11-06,1.1890614791752796,3,1.4570216,1.5660405
2023-11-06,1.1890614791752796,5,1.5135562,1.5221462
2023-11-06,1.1890614791752796,10,1.4131137,1.450978
2023-11-06,1.1890614791752796,21,1.4337739,1.4702723
2023-11-07,-0.8636197366324261,1,1.4620908,1.5047133
2023-11-07,-0.8636197366324261,3,1.5133189,1.4947715
2023-11-07,-0.8636197366324261,5,1.5134183,1.4361475
2023-11-07,-0.8636197366324261,10,1.4367813,1.3492482
2023-11-07,-0.8636197366324261,21,1.4435766,1.3357451
2023-11-08,3.0215817288614666,1,1.4570216,1.5006342
2023-11-08,3.0215817288614666,3,1.5135562,1.5221391
2023-11-08,3.0215817288614666,5,1.5114905,1.4819915
2023-11-08,3.0215817288614666,10,1.4236351,1.4305601
2023-11-08,3.0215817288614666,21,1.4222118,1.4441864
2023-11-09,0.04130524635348465,1,1.5133189,1.6366704
2023-11-09,0.04130524635348465,3,1.5134183,1.6510679
2023-11-09,0.04130524635348465,5,1.4038221,1.6012647
2023-11-09,0.04130524635348465,10,1.4258492,1.5444037
2023-11-09,0.04130524635348465,21,1.4284072,1.5251143
2023-11-10,-1.1022105925417414,1,1.5135562,1.58671
2023-11-10,-1.1022105925417414,3,1.5114905,1.5807548
2023-11-10,-1.1022105925417414,5,1.4125087,1.5547055
2023-11-10,-1.1022105925417414,10,1.4107836,1.5083233
2023-11-10,-1.1022105925417414,21,1.4226583,1.4482832
2023-11-13,-0.14624732934800377,1,1.5134183,1.628084
2023-11-13,-0.14624732934800377,3,1.4038221,1.6292028
2023-11-13,-0.14624732934800377,5,1.4131137,1.6142414
2023-11-13,-0.14624732934800377,10,1.437092,1.5474453
2023-11-13,-0.14624732934800377,21,1.422525,1.4857814
2023-11-14,0.874292834931012,1,1.5114905,1.6394107
2023-11-14,0.874292834931012,3,1.4125087,1.621026
2023-11-14,0.874292834931012,5,1.4367813,1.5977229
2023-11-14,0.874292834931012,10,1.4363943,1.5392754
2023-11-14,0.874292834931012,21,1.4151931,1.4707177
2023-11-15,1.1441598141709086,1,1.4038221,1.511987
2023-11-15,1.1441598141709086,3,1.4131137,1.5275973
2023-11-15,1.1441598141709086,5,1.4236351,1.5043702
2023-11-15,1.1441598141709086,10,1.4311585,1.5008589
2023-11-15,1.1441598141709086,21,1.4157064,1.4262347
2023-11-16,0.2695695195224168,1,1.4125087,1.453162
2023-11-16,0.2695695195224168,3,1.4367813,1.4740235
2023-11-16,0.2695695195224168,5,1.4258492,1.4563183
2023-11-16,0.2695695195224168,10,1.428715,1.4531871
2023-11-16,0.2695695195224168,21,1.411755,1.4142379
2023-11-17,-2.1862622586956704,1,1.4131137,1.4506924
2023-11-17,-2.1862622586956704,3,1.4236351,1.4686465
2023-11-17,-2.1862622586956704,5,1.4107836,1.4468539
2023-11-17,-2.1862622586956704,10,1.4267223,1.4372725
2023-11-17,-2.1862622586956704,21,1.4067637,1.4158037
2023-11-20,0.22405161650587146,1,1.4367813,1.5709989
2023-11-20,0.22405161650587146,3,1.4258492,1.6046587
2023-11-20,0.22405161650587146,5,1.437092,1.5830493
2023-11-20,0.22405161650587146,10,1.4286939,1.5914295
2023-11-20,0.22405161650587146,21,1.3953491,1.5572934
2023-11-21,0.6142414485121428,1,1.4236351,1.5148344
2023-11-21,0.6142414485121428,3,1.4107836,1.5475204
2023-11-21,0.6142414485121428,5,1.4363943,1.5418026
2023-11-21,0.6142414485121428,10,1.4337739,1.5231192
2023-11-21,0.6142414485121428,21,1.3337069,1.4718596
2023-11-22,0.30212046646544977,1,1.4258492,1.4477348
2023-11-22,0.30212046646544977,3,1.437092,1.490758
2023-11-22,0.30212046646544977,5,1.4311585,1.4482338
2023-11-22,0.30212046646544977,10,1.4435766,1.441369
2023-11-22,0.30212046646544977,21,1.3253022,1.4115936
2023-11-23,-2.3004133861634912,1,1.4107836,1.5399084
2023-11-23,-2.3004133861634912,3,1.4363943,1.570615
2023-11-23,-2.3004133861634912,5,1.428715,1.5582256
2023-11-23,-2.3004133861634912,10,1.4222118,1.5472008
2023-11-23,-2.3004133861634912,21,1.313326,1.5182064
2023-11-24,0.6519871088157103,1,1.437092,1.6020455
2023-11-24,0.6519871088157103,3,1.4311585,1.6338825
2023-11-24,0.6519871088157103,5,1.4267223,1.6066954
2023-11-24,0.6519871088157103,10,1.4284072,1.5840445
2023-11-24,0.6519871088157103,21,1.3136413,1.5329002
2023-11-27,-0.6914991811865612,1,1.4363943,1.6085088
2023-11-27,-0.6914991811865612,3,1.428715,1.6276734
2023-11-27,-0.6914991811865612,5,1.4286939,1.6060183
2023-11-27,-0.6914991811865612,10,1.4226583,1.5691806
2023-11-27,-0.6914991811865612,21,1.3134336,1.5205302
2023-11-28,0.6750686276225437,1,1.4311585,1.5766871
2023-11-28,0.6750686276225437,3,1.4267223,1.5987147
2023-11-28,0.6750686276225437,5,1.4337739,1.5679885
2023-11-28,0.6750686276225437,10,1.422525,1.5337412
2023-11-28,0.6750686276225437,21,1.3253028,1.4876565
2023-11-29,0.6705419919248001,1,1.428715,1.492796
2023-11-29,0.6705419919248001,3,1.4286939,1.5086795
2023-11-29,0.6705419919248001,5,1.4435766,1.4788187
2023-11-29,0.6705419919248001,10,1.4151931,1.4222534
2023-11-29,0.6705419919248001,21,1.2586368,1.3392992
2023-11-30,-0.7892873245719301,1,1.4267223,1.3570275
2023-11-30,-0.7892873245719301,3,1.4337739,1.3733274
2023-11-30,-0.7892873245719301,5,1.4222118,1.3584669
2023-11-30,-0.7892873245719301,10,1.4157064,1.3372084
2023-11-30,-0.7892873245719301,21,1.2527412,1.289499
2023-12-01,0.7312363832420843,1,1.4286939,1.4506698
2023-12-01,0.7312363832420843,3,1.4435766,1.4672698
2023-12-01,0.7312363832420843,5,1.4284072,1.4510148
2023-12-01,0.7312363832420843,10,1.411755,1.4263701
2023-12-01,0.7312363832420843,21,1.2435181,1.3900454
2023-12-04,1.6494198877576416,1,1.4337739,1.4499493
2023-12-04,1.6494198877576416,3,1.4222118,1.4478593
2023-12-04,1.6494198877576416,5,1.4226583,1.4371495
2023-12-04,1.6494198877576416,10,1.4067637,1.4105637
2023-12-04,1.6494198877576416,21,1.2322778,1.3932545
2023-12-05,-0.4042107754413493,1,1.4435766,1.4735694
2023-12-05,-0.4042107754413493,3,1.4284072,1.4818199
2023-12-05,-0.4042107754413493,5,1.422525,1.4730723
2023-12-05,-0.4042107754413493,10,1.3953491,1.4329431
2023-12-05,-0.4042107754413493,21,1.2283162,1.4007847
2023-12-06,0.9329357712332786,1,1.4222118,1.4448385
2023-12-06,0.9329357712332786,3,1.4226583,1.4447362
2023-12-06,0.9329357712332786,5,1.4151931,1.45198
2023-12-06,0.9329357712332786,10,1.3337069,1.392917
2023-12-06,0.9329357712332786,21,1.2343602,1.3853598
2023-12-07,-0.43951812808433743,1,1.4284072,1.4545894
2023-12-07,-0.43951812808433743,3,1.422525,1.4496644
2023-12-07,-0.43951812808433743,5,1.4157064,1.4247614
2023-12-07,-0.43951812808433743,10,1.3253022,1.3825824
2023-12-07,-0.43951812808433743,21,1.23396,1.3553116
2023-12-08,0.26269756372601094,1,1.4226583,1.3948212
2023-12-08,0.26269756372601094,3,1.4151931,1.3988836
2023-12-08,0.26269756372601094,5,1.411755,1.3762245
2023-12-08,0.26269756372601094,10,1.313326,1.3194093
2023-12-08,0.26269756372601094,21,1.2347162,1.3213494
2023-12-11,0.09422474185312169,1,1.422525,1.3963125
2023-12-11,0.09422474185312169,3,1.4157064,1.3840435
2023-12-11,0.09422474185312169,5,1.4067637,1.3623232
2023-12-11,0.09422474185312169,10,1.3136413,1.3195388
2023-12-11,0.09422474185312169,21,1.2357342,1.2928848
2023-12-12,0.18907037184003883,1,1.4151931,1.4308407
2023-12-12,0.18907037184003883,3,1.411755,1.4175286
2023-12-12,0.18907037184003883,5,1.3953491,1.4022391
2023-12-12,0.18907037184003883,10,1.3134336,1.3446268
2023-12-12,0.18907037184003883,21,1.2265389,1.3050761
2023-12-13,-1.1981426478472557,1,1.4157064,1.4315412
2023-12-13,-1.1981426478472557,3,1.4067637,1.4159576
2023-12-13,-1.1981426478472557,5,1.3337069,1.3831588
2023-12-13,-1.1981426478472557,10,1.3253028,1.3041648
2023-12-13,-1.1981426478472557,21,1.2049159,1.2159764
2023-12-14,-0.36595330208921695,1,1.411755,1.3726237
2023-12-14,-0.36595330208921695,3,1.3953491,1.3625628
2023-12-14,-0.36595330208921695,5,1.3253022,1.3351879
2023-12-14,-0.36595330208921695,10,1.2586368,1.2923596
2023-12-14,-0.36595330208921695,21,1.1844525,1.2494493
2023-12-15,-0.7078219596553303,1,1.4067637,1.4173458
2023-12-15,-0.7078219596553303,3,1.3337069,1.3978086
2023-12-15,-0.7078219596553303,5,1.313326,1.3844739
2023-12-15,-0.7078219596553303,10,1.2527412,1.3267539
2023-12-15,-0.7078219596553303,21,1.1721733,1.2753313
2023-12-18,-0.9497924812669645,1,1.3953491,1.4232535
2023-12-18,-0.9497924812669645,3,1.3253022,1.3961163
2023-12-18,-0.9497924812669645,5,1.3136413,1.3757184
2023-12-18,-0.9497924812669645,10,1.2435181,1.3041737
2023-12-18,-0.9497924812669645,21,1.1502137,1.2644334
2023-12-19,0.4039892523894473,1,1.3337069,1.5121858
2023-12-19,0.4039892523894473,3,1.313326,1.5089523
2023-12-19,0.4039892523894473,5,1.3134336,1.4771324
2023-12-19,0.4039892523894473,10,1.2322778,1.4267064
2023-12-19,0.4039892523894473,21,1.1393722,1.3690658
2023-12-20,0.40599766290707606,1,1.3253022,1.4489889
2023-12-20,0.40599766290707606,3,1.3136413,1.4592855
2023-12-20,0.40599766290707606,5,1.3253028,1.4257301
2023-12-20,0.40599766290707606,10,1.2283162,1.3683734
2023-12-20,0.40599766290707606,21,1.1317109,1.3936865
2023-12-21,0.1515983932237397,1,1.313326,1.3938136
2023-12-21,0.1515983932237397,3,1.3134336,1.3978581
2023-12-21,0.1515983932237397,5,1.2586368,1.3562112
2023-12-21,0.1515983932237397,10,1.2343602,1.3187308
2023-12-21,0.1515983932237397,21,1.1316677,1.3462391
2023-12-22,0.057130163105334475,1,1.3136413,1.3083594
2023-12-22,0.057130163105334475,3,1.3253028,1.3126752
2023-12-22,0.057130163105334475,5,1.2527412,1.2917223
2023-12-22,0.057130163105334475,10,1.23396,1.2504706
2023-12-22,0.057130163105334475,21,0.9837435,1.2586203
2023-12-25,1.3149078099838896,1,1.3134336,1.3244915
2023-12-25,1.3149078099838896,3,1.2586368,1.3255994
2023-12-25,1.3149078099838896,5,1.2435181,1.2813029
2023-12-25,1.3149078099838896,10,1.2347162,1.2371056
2023-12-25,1.3149078099838896,21,0.98300314,1.1994193
2023-12-26,0.4098384689346979,1,1.3253028,1.2797558
2023-12-26,0.4098384689346979,3,1.2527412,1.2678509
2023-12-26,0.4098384689346979,5,1.2322778,1.2441375
2023-12-26,0.4098384689346979,10,1.2357342,1.1923245
2023-12-26,0.4098384689346979,21,0.9547186,1.1753559
2023-12-27,-0.023170427508922842,1,1.2586368,1.2438242
2023-12-27,-0.023170427508922842,3,1.2435181,1.2570461
2023-12-27,-0.023170427508922842,5,1.2283162,1.2364261
2023-12-27,-0.023170427508922842,10,1.2265389,1.2097723
2023-12-27,-0.023170427508922842,21,0.93574065,1.118298
2023-12-28,0.6166387069041157,1,1.2527412,1.3234525
2023-12-28,0.6166387069041157,3,1.2322778,1.3173977
2023-12-28,0.6166387069041157,5,1.2343602,1.3028886
2023-12-28,0.6166387069041157,10,1.2049159,1.2669005
2023-12-28,0.6166387069041157,21,0.9301454,1.1957887
2023-12-29,0.0885402428949078,1,1.2435181,1.3481164
2023-12-29,0.0885402428949078,3,1.2283162,1.3316892
2023-12-29,0.0885402428949078,5,1.23396,1.3121586
2023-12-29,0.0885402428949078,10,1.1844525,1.271997
2023-12-29,0.0885402428949078,21,0.8332822,1.1823791
2024-01-02,0.15829154588509198,1,1.2322778,1.2624314
2024-01-02,0.15829154588509198,3,1.2343602,1.2660977
2024-01-02,0.15829154588509198,5,1.2347162,1.2487853
2024-01-02,0.15829154588509198,10,1.1721733,1.1934226
2024-01-02,0.15829154588509198,21,0.833488,1.1381817
2024-01-03,1.0940883954456915,1,1.2283162,1.3332
2024-01-03,1.0940883954456915,3,1.23396,1.3151054
2024-01-03,1.0940883954456915,5,1.2357342,1.3119981
2024-01-03,1.0940883954456915,10,1.1502137,1.2380021
2024-01-03,1.0940883954456915,21,0.82279027,1.1501842
2024-01-04,0.5708350104895565,1,1.2343602,1.2456815
2024-01-04,0.5708350104895565,3,1.2347162,1.2207515
2024-01-04,0.5708350104895565,5,1.2265389,1.1919192
2024-01-04,0.5708350104895565,10,1.1393722,1.1508511
2024-01-04,0.5708350104895565,21,0.83367586,1.0819964
2024-01-05,0.34354158885108177,1,1.23396,1.2755663
2024-01-05,0.34354158885108177,3,1.2357342,1.2421585
2024-01-05,0.34354158885108177,5,1.2049159,1.2066928
2024-01-05,0.34354158885108177,10,1.1317109,1.1335088
2024-01-05,0.34354158885108177,21,0.7484249,1.0183988
2024-01-08,0.4760535499576335,1,1.2347162,1.2458816
2024-01-08,0.4760535499576335,3,1.2265389,1.2195197
2024-01-08,0.4760535499576335,5,1.1844525,1.187798
2024-01-08,0.4760535499576335,10,1.1316677,1.1382662
2024-01-08,0.4760535499576335,21,0.74858,1.0542355
2024-01-09,-0.13800362724651905,1,1.2357342,1.2591686
2024-01-09,-0.13800362724651905,3,1.2049159,1.2199996
2024-01-09,-0.13800362724651905,5,1.1721733,1.1810778
2024-01-09,-0.13800362724651905,10,0.9837435,1.1100519
2024-01-09,-0.13800362724651905,21,0.744436,1.0351648
2024-01-10,0.25429623251449485,1,1.2265389,1.2276773
2024-01-10,0.25429623251449485,3,1.1844525,1.1852165
2024-01-10,0.25429623251449485,5,1.1502137,1.1525412
2024-01-10,0.25429623251449485,10,0.98300314,1.0641614
2024-01-10,0.25429623251449485,21,0.7436744,0.97147363
2024-01-11,0.05852583910650466,1,1.2049159,1.268784
2024-01-11,0.05852583910650466,3,1.1721733,1.2339274
2024-01-11,0.05852583910650466,5,1.1393722,1.1760038
2024-01-11,0.05852583910650466,10,0.9547186,1.0528995
2024-01-11,0.05852583910650466,21,0.7431472,0.9925422
2024-01-12,-0.6491399277167353,1,1.1844525,1.1380415
2024-01-12,-0.6491399277167353,3,1.1502137,1.1045508
2024-01-12,-0.6491399277167353,5,1.1317109,1.069101
2024-01-12,-0.6491399277167353,10,0.93574065,0.97132164
2024-01-12,-0.6491399277167353,21,0.7318245,0.93017286
2024-01-15,-0.05024211607675966,1,1.1721733,1.1625099
2024-01-15,-0.05024211607675966,3,1.1393722,1.1227117
2024-01-15,-0.05024211607675966,5,1.1316677,1.0729134
2024-01-15,-0.05024211607675966,10,0.9301454,0.96729
2024-01-15,-0.05024211607675966,21,0.7341754,0.92244834
2024-01-16,0.7767900826126883,1,1.1502137,1.1325867
2024-01-16,0.7767900826126883,3,1.1317109,1.0964439
2024-01-16,0.7767900826126883,5,0.9837435,1.0482132
2024-01-16,0.7767900826126883,10,0.8332822,0.94867873
2024-01-16,0.7767900826126883,21,0.68447256,0.90366477
2024-01-17,-0.050738504302660914,1,1.1393722,1.0992832
2024-01-17,-0.050738504302660914,3,1.1316677,1.0531404
2024-01-17,-0.050738504302660914,5,0.98300314,0.97907585
2024-01-17,-0.050738504302660914,10,0.833488,0.881008
2024-01-17,-0.050738504302660914,21,0.685123,0.83668643
2024-01-18,0.5601342494384376,1,1.1317109,1.0776446
2024-01-18,0.5601342494384376,3,0.9837435,1.0282123
2024-01-18,0.5601342494384376,5,0.9547186,0.96205074
2024-01-18,0.5601342494384376,10,0.82279027,0.86350745
2024-01-18,0.5601342494384376,21,0.6831618,0.86328226
2024-01-19,1.0584810552434654,1,1.1316677,1.1112032
2024-01-19,1.0584810552434654,3,0.98300314,1.0527332
2024-01-19,1.0584810552434654,5,0.93574065,0.98870146
2024-01-19,1.0584810552434654,10,0.83367586,0.8866723
2024-01-19,1.0584810552434654,21,0.6847731,0.857338
2024-01-22,0.11504171530498652,1,0.9837435,0.95011455
2024-01-22,0.11504171530498652,3,0.9547186,0.9192763
2024-01-22,0.11504171530498652,5,0.9301454,0.86980844
2024-01-22,0.11504171530498652,10,0.7484249,0.83713835
2024-01-22,0.11504171530498652,21,0.63327813,0.87333065
2024-01-23,-0.45416878894393165,1,0.98300314,0.98289454
2024-01-23,-0.45416878894393165,3,0.93574065,0.9370449
2024-01-23,-0.45416878894393165,5,0.8332822,0.9158798
2024-01-23,-0.45416878894393165,10,0.74858,0.8805739
2024-01-23,-0.45416878894393165,21,0.63913023,0.94682235
2024-01-24,-0.38545530117248816,1,0.9547186,0.96822625
2024-01-24,-0.38545530117248816,3,0.9301454,0.92172676
2024-01-24,-0.38545530117248816,5,0.833488,0.9110399
2024-01-24,-0.38545530117248816,10,0.744436,0.88924307
2024-01-24,-0.38545530117248816,21,0.63887435,0.95195526
2024-01-25,-0.2219055763919897,1,0.93574065,0.95430094
2024-01-25,-0.2219055763919897,3,0.8332822,0.9078633
2024-01-25,-0.2219055763919897,5,0.82279027,0.90086293
2024-01-25,-0.2219055763919897,10,0.7436744,0.8912559
2024-01-25,-0.2219055763919897,21,0.65330434,0.93773645
2024-01-26,0.45182597197630514,1,0.9301454,0.8892165
2024-01-26,0.45182597197630514,3,0.833488,0.8509868
2024-01-26,0.45182597197630514,5,0.83367586,0.82481605
2024-01-26,0.45182597197630514,10,0.7431472,0.80018926
2024-01-26,0.45182597197630514,21,0.6523999,0.8238419
2024-01-29,0.001701143168286734,1,0.8332822,0.7654154
2024-01-29,0.001701143168286734,3,0.82279027,0.7262257
2024-01-29,0.001701143168286734,5,0.7484249,0.7261767
2024-01-29,0.001701143168286734,10,0.7318245,0.69128513
2024-01-29,0.001701143168286734,21,0.63981116,0.6834813
2024-01-30,0.3362575026348402,1,0.833488,0.79283875
2024-01-30,0.3362575026348402,3,0.83367586,0.7719255
2024-01-30,0.3362575026348402,5,0.74858,0.7592544
2024-01-30,0.3362575026348402,10,0.7341754,0.72967845
2024-01-30,0.3362575026348402,21,0.63652164,0.7443514
2024-01-31,-1.3089147434965476,1,0.82279027,0.7612149
2024-01-31,-1.3089147434965476,3,0.7484249,0.724886
2024-01-31,-1.3089147434965476,5,0.744436,0.7150115
2024-01-31,-1.3089147434965476,10,0.68447256,0.69358516
2024-01-31,-1.3089147434965476,21,0.61195207,0.73139954
2024-02-01,0.7452982948744413,1,0.83367586,0.7373238
2024-02-01,0.7452982948744413,3,0.74858,0.7154301
2024-02-01,0.7452982948744413,5,0.7436744,0.69850385
2024-02-01,0.7452982948744413,10,0.685123,0.6573538
2024-02-01,0.7452982948744413,21,0.61513263,0.6610118
2024-02-02,-0.04007554720519835,1,0.7484249,0.7445812
2024-02-02,-0.04007554720519835,3,0.744436,0.74272263
2024-02-02,-0.04007554720519835,5,0.7431472,0.71716106
2024-02-02,-0.04007554720519835,10,0.6831618,0.6926574
2024-02-02,-0.04007554720519835,21,0.608712,0.66748136
2024-02-05,1.1456025162803307,1,0.74858,0.70561546
2024-02-05,1.1456025162803307,3,0.7436744,0.6974158
2024-02-05,1.1456025162803307,5,0.7318245,0.6813683
2024-02-05,1.1456025162803307,10,0.6847731,0.6483237
2024-02-05,1.1456025162803307,21,0.6496132,0.63048315
2024-02-06,0.20382902270332792,1,0.744436,0.7090065
2024-02-06,0.20382902270332792,3,0.7431472,0.6961816
2024-02-06,0.20382902270332792,5,0.7341754,0.66532785
2024-02-06,0.20382902270332792,10,0.63327813,0.6187424
2024-02-06,0.20382902270332792,21,0.6654657,0.6282946
2024-02-07,0.8420626125986708,1,0.7436744,0.65805644
2024-02-07,0.8420626125986708,3,0.7318245,0.6496713
2024-02-07,0.8420626125986708,5,0.68447256,0.64128184
2024-02-07,0.8420626125986708,10,0.63913023,0.60201937
2024-02-07,0.8420626125986708,21,0.66996366,0.6421327
2024-02-15,0.3306917129643594,1,0.7431472,0.6801035
2024-02-15,0.3306917129643594,3,0.7341754,0.67135566
2024-02-15,0.3306917129643594,5,0.685123,0.6514221
2024-02-15,0.3306917129643594,10,0.63887435,0.6344456
2024-02-15,0.3306917129643594,21,0.71103513,0.65666026
2024-02-16,0.5969671985886826,1,0.7318245,0.6190208
2024-02-16,0.5969671985886826,3,0.68447256,0.6075175
2024-02-16,0.5969671985886826,5,0.6831618,0.5997884
2024-02-16,0.5969671985886826,10,0.65330434,0.56745416
2024-02-16,0.5969671985886826,21,0.6934607,0.5714817
2024-02-19,1.2543958917226483,1,0.7341754,0.6583896
2024-02-19,1.2543958917226483,3,0.685123,0.65278393
2024-02-19,1.2543958917226483,5,0.6847731,0.6430723
2024-02-19,1.2543958917226483,10,0.6523999,0.6115326
2024-02-19,1.2543958917226483,21,0.6901794,0.69474465
2024-02-20,0.41465947815089166,1,0.68447256,0.6774494
2024-02-20,0.41465947815089166,3,0.6831618,0.6743848
2024-02-20,0.41465947815089166,5,0.63327813,0.6543761
2024-02-20,0.41465947815089166,10,0.63981116,0.61725354
2024-02-20,0.41465947815089166,21,0.71947575,0.6368517
2024-02-21,-0.0016259501646409547,1,0.685123,0.67356986
2024-02-21,-0.0016259501646409547,3,0.6847731,0.658362
2024-02-21,-0.0016259501646409547,5,0.63913023,0.6478397
2024-02-21,-0.0016259501646409547,10,0.63652164,0.63141245
2024-02-21,-0.0016259501646409547,21,0.70481557,0.6594689
2024-02-22,-0.22219066255413367,1,0.6831618,0.69718677
2024-02-22,-0.22219066255413367,3,0.63327813,0.6783094
2024-02-22,-0.22219066255413367,5,0.63887435,0.6784801
2024-02-22,-0.22219066255413367,10,0.61195207,0.6418024
2024-02-22,-0.22219066255413367,21,0.72083795,0.6324128
2024-02-23,-1.2552894908091083,1,0.6847731,0.6625963
2024-02-23,-1.2552894908091083,3,0.63913023,0.6408089
2024-02-23,-1.2552894908091083,5,0.65330434,0.62329
2024-02-23,-1.2552894908091083,10,0.61513263,0.5871969
2024-02-23,-1.2552894908091083,21,0.7331335,0.57762474
2024-02-26,0.9991175687732223,1,0.63327813,0.5962313
2024-02-26,0.9991175687732223,3,0.63887435,0.5776505
2024-02-26,0.9991175687732223,5,0.6523999,0.56687194
2024-02-26,0.9991175687732223,10,0.608712,0.5575116
2024-02-26,0.9991175687732223,21,0.7333603,0.5421842
2024-02-27,1.0797828371123863,1,0.63913023,0.61252505
2024-02-27,1.0797828371123863,3,0.65330434,0.6078983
2024-02-27,1.0797828371123863,5,0.63981116,0.5758982
2024-02-27,1.0797828371123863,10,0.6496132,0.58100635
2024-02-27,1.0797828371123863,21,0.7529676,0.58319205
2024-02-28,1.3716050840652194,1,0.63887435,0.63364846
2024-02-28,1.3716050840652194,3,0.6523999,0.6255656
2024-02-28,1.3716050840652194,5,0.63652164,0.6032348
2024-02-28,1.3716050840652194,10,0.6654657,0.61080337
2024-02-28,1.3716050840652194,21,0.7488062,0.6161674
2024-02-29,-0.14517726936436048,1,0.65330434,0.6488946
2024-02-29,-0.14517726936436048,3,0.63981116,0.6478576
2024-02-29,-0.14517726936436048,5,0.61195207,0.62864965
2024-02-29,-0.14517726936436048,10,0.66996366,0.6517438
2024-02-29,-0.14517726936436048,21,0.7487063,0.6686924
2024-03-01,0.44205391756992896,1,0.6523999,0.6265811
2024-03-01,0.44205391756992896,3,0.63652164,0.6216656
2024-03-01,0.44205391756992896,5,0.61513263,0.6050107
2024-03-01,0.44205391756992896,10,0.71103513,0.61383057
2024-03-01,0.44205391756992896,21,0.7491654,0.6660748
2024-03-04,0.24844338866847337,1,0.63981116,0.6019837
2024-03-04,0.24844338866847337,3,0.61195207,0.5994676
2024-03-04,0.24844338866847337,5,0.608712,0.5746351
2024-03-04,0.24844338866847337,10,0.6934607,0.5863749
2024-03-04,0.24844338866847337,21,0.75284076,0.6602488
2024-03-05,0.6771009399630934,1,0.63652164,0.583775
2024-03-05,0.6771009399630934,3,0.61513263,0.5804867
2024-03-05,0.6771009399630934,5,0.6496132,0.5603239
2024-03-05,0.6771009399630934,10,0.6901794,0.5714502
2024-03-05,0.6771009399630934,21,0.7545536,0.6075807
2024-03-06,-0.5725108522239175,1,0.61195207,0.5970865
2024-03-06,-0.5725108522239175,3,0.608712,0.61267114
2024-03-06,-0.5725108522239175,5,0.6654657,0.6024118
2024-03-06,-0.5725108522239175,10,0.71947575,0.6178101
2024-03-06,-0.5725108522239175,21,0.75504506,0.6922129
2024-03-07,0.4527522460195499,1,0.61513263,0.54644877
2024-03-07,0.4527522460195499,3,0.6496132,0.544625
2024-03-07,0.4527522460195499,5,0.66996366,0.5450003
2024-03-07,0.4527522460195499,10,0.70481557,0.55171853
2024-03-07,0.4527522460195499,21,0.76802474,0.59609985
2024-03-08,-1.678226531984972,1,0.608712,0.5727405
2024-03-08,-1.678226531984972,3,0.6654657,0.5815883
2024-03-08,-1.678226531984972,5,0.71103513,0.575098
2024-03-08,-1.678226531984972,10,0.72083795,0.5816813
2024-03-08,-1.678226531984972,21,0.7682094,0.64441794
2024-03-11,-0.9553648408450854,1,0.6496132,0.6058081
2024-03-11,-0.9553648408450854,3,0.66996366,0.61544937
2024-03-11,-0.9553648408450854,5,0.6934607,0.61305946
2024-03-11,-0.9553648408450854,10,0.7331335,0.6056357
2024-03-11,-0.9553648408450854,21,0.78307515,0.6547993
2024-03-12,0.7667877392012912,1,0.6654657,0.61345273
2024-03-12,0.7667877392012912,3,0.71103513,0.62178975
2024-03-12,0.7667877392012912,5,0.6901794,0.6191221
2024-03-12,0.7667877392012912,10,0.7333603,0.614917
2024-03-12,0.7667877392012912,21,0.7846009,0.6772014
2024-03-13,2.0282864747397156,1,0.66996366,0.63434035
2024-03-13,2.0282864747397156,3,0.6934607,0.64914614
2024-03-13,2.0282864747397156,5,0.71947575,0.6427559
2024-03-13,2.0282864747397156,10,0.7529676,0.6416404
2024-03-13,2.0282864747397156,21,0.79160595,0.7059086
2024-03-14,-0.4931423889433795,1,0.71103513,0.7011155
2024-03-14,-0.4931423889433795,3,0.6901794,0.72206235
2024-03-14,-0.4931423889433795,5,0.70481557,0.6986172
2024-03-14,-0.4931423889433795,10,0.7488062,0.72071683
2024-03-14,-0.4931423889433795,21,0.7938526,0.77850837
2024-03-15,-0.037974083144920456,1,0.6934607,0.743023
2024-03-15,-0.037974083144920456,3,0.71947575,0.74435735
2024-03-15,-0.037974083144920456,5,0.72083795,0.74127424
2024-03-15,-0.037974083144920456,10,0.7487063,0.7544041
2024-03-15,-0.037974083144920456,21,0.7940685,0.7870223
2024-03-18,-1.6128995941195434,1,0.6901794,0.69101137
2024-03-18,-1.6128995941195434,3,0.70481557,0.6928434
2024-03-18,-1.6128995941195434,5,0.7331335,0.68337435
2024-03-18,-1.6128995941195434,10,0.7491654,0.6941379
2024-03-18,-1.6128995941195434,21,0.80508596,0.72180235
2024-03-19,-0.0884948690507592,1,0.71947575,0.7312154
2024-03-19,-0.0884948690507592,3,0.72083795,0.7412078
2024-03-19,-0.0884948690507592,5,0.7333603,0.73298836
2024-03-19,-0.0884948690507592,10,0.75284076,0.73943913
2024-03-19,-0.0884948690507592,21,1.026884,0.7574919
2024-03-20,1.4081925699860776,1,0.70481557,0.6959246
2024-03-20,1.4081925699860776,3,0.7331335,0.70006025
2024-03-20,1.4081925699860776,5,0.7529676,0.6698585
2024-03-20,1.4081925699860776,10,0.7545536,0.69504994
2024-03-20,1.4081925699860776,21,1.0231464,0.73755413
2024-03-21,1.2884073357107617,1,0.72083795,0.7186664
2024-03-21,1.2884073357107617,3,0.7333603,0.72917956
2024-03-21,1.2884073357107617,5,0.7488062,0.7028673
2024-03-21,1.2884073357107617,10,0.75504506,0.7145133
2024-03-21,1.2884073357107617,21,1.0532848,0.7705185
2024-03-22,0.4206055719539137,1,0.7331335,0.7859004
2024-03-22,0.4206055719539137,3,0.7529676,0.81384486
2024-03-22,0.4206055719539137,5,0.7487063,0.7946095
2024-03-22,0.4206055719539137,10,0.76802474,0.83411676
2024-03-22,0.4206055719539137,21,1.070134,0.96641934
2024-03-25,-1.093490026323618,1,0.7333603,0.78352785
2024-03-25,-1.093490026323618,3,0.7488062,0.8017549
2024-03-25,-1.093490026323618,5,0.7491654,0.79352134
2024-03-25,-1.093490026323618,10,0.7682094,0.81552374
2024-03-25,-1.093490026323618,21,1.0745176,0.88764995
2024-03-26,1.1254711811158558,1,0.7529676,0.707993
2024-03-26,1.1254711811158558,3,0.7487063,0.7048367
2024-03-26,1.1254711811158558,5,0.75284076,0.686163
2024-03-26,1.1254711811158558,10,0.78307515,0.69695216
2024-03-26,1.1254711811158558,21,1.083515,0.73872584
2024-03-27,0.06860796277381453,1,0.7488062,0.72942847
2024-03-27,0.06860796277381453,3,0.7491654,0.7431422
2024-03-27,0.06860796277381453,5,0.7545536,0.73147076
2024-03-27,0.06860796277381453,10,0.7846009,0.76373583
2024-03-27,0.06860796277381453,21,1.1236166,0.82882637
2024-03-28,0.5510512259565559,1,0.7487063,0.76573884
2024-03-28,0.5510512259565559,3,0.75284076,0.7781693
2024-03-28,0.5510512259565559,5,0.75504506,0.7665351
2024-03-28,0.5510512259565559,10,0.79160595,0.8055046
2024-03-28,0.5510512259565559,21,1.1223273,0.8910883
2024-03-29,-0.4731447253933929,1,0.7491654,0.7716798
2024-03-29,-0.4731447253933929,3,0.7545536,0.7752582
2024-03-29,-0.4731447253933929,5,0.76802474,0.7655518
2024-03-29,-0.4731447253933929,10,0.7938526,0.7989271
2024-03-29,-0.4731447253933929,21,1.122573,0.84184694
2024-04-01,-0.200342285819044,1,0.75284076,0.7560703
2024-04-01,-0.200342285819044,3,0.75504506,0.77185136
2024-04-01,-0.200342285819044,5,0.7682094,0.7564548
2024-04-01,-0.200342285819044,10,0.7940685,0.79634094
2024-04-01,-0.200342285819044,21,1.1233252,0.84881467
2024-04-02,0.429813475100449,1,0.7545536,0.7627921
2024-04-02,0.429813475100449,3,0.76802474,0.768855
2024-04-02,0.429813475100449,5,0.78307515,0.7660353
2024-04-02,0.429813475100449,10,0.80508596,0.78538376
2024-04-02,0.429813475100449,21,1.1240753,0.84513074
2024-04-03,-1.2171296740508097,1,0.75504506,0.7229275
2024-04-03,-1.2171296740508097,3,0.7682094,0.72229284
2024-04-03,-1.2171296740508097,5,0.7846009,0.71973825
2024-04-03,-1.2171296740508097,10,1.026884,0.7323742
2024-04-03,-1.2171296740508097,21,1.1422749,0.7738152
2024-04-04,-0.2535713956925534,1,0.76802474,0.8285007
2024-04-04,-0.2535713956925534,3,0.78307515,0.84956914
2024-04-04,-0.2535713956925534,5,0.79160595,0.8559091
2024-04-04,-0.2535713956925534,10,1.0231464,0.8790625
2024-04-04,-0.2535713956925534,21,1.1292802,0.94579154
2024-04-05,-1.0414779319509293,1,0.7682094,0.86546034
2024-04-05,-1.0414779319509293,3,0.7846009,0.88270605
2024-04-05,-1.0414779319509293,5,0.7938526,0.873406
2024-04-05,-1.0414779319509293,10,1.0532848,0.90937537
2024-04-05,-1.0414779319509293,21,1.1263214,0.9784281
2024-04-08,-0.3799706023627003,1,0.78307515,0.8749303
2024-04-08,-0.3799706023627003,3,0.79160595,0.8880356
2024-04-08,-0.3799706023627003,5,0.7940685,0.890902
2024-04-08,-0.3799706023627003,10,1.070134,0.91961557
2024-04-08,-0.3799706023627003,21,1.1266316,0.94903135
2024-04-09,0.9923803275472487,1,0.7846009,0.82001543
2024-04-09,0.9923803275472487,3,0.7938526,0.8315698
2024-04-09,0.9923803275472487,5,0.80508596,0.81412923
2024-04-09,0.9923803275472487,10,1.0745176,0.84926134
2024-04-09,0.9923803275472487,21,1.1196437,0.89228433
2024-04-10,-0.3379105135691063,1,0.79160595,0.8289267
2024-04-10,-0.3379105135691063,3,0.7940685,0.85203576
2024-04-10,-0.3379105135691063,5,1.026884,0.8446987
2024-04-10,-0.3379105135691063,10,1.083515,0.85508806
2024-04-10,-0.3379105135691063,21,1.1209584,0.90213454
2024-04-11,-0.028608210751457364,1,0.7938526,0.80943686
2024-04-11,-0.028608210751457364,3,0.80508596,0.8125614
2024-04-11,-0.028608210751457364,5,1.0231464,0.7921038
2024-04-11,-0.028608210751457364,10,1.1236166,0.8217158
2024-04-11,-0.028608210751457364,21,1.1167241,0.84404916
2024-04-12,1.4518165686027373,1,0.7940685,0.8604656
2024-04-12,1.4518165686027373,3,1.026884,0.8682822
2024-04-12,1.4518165686027373,5,1.0532848,0.8526755
2024-04-12,1.4518165686027373,10,1.1223273,0.881743
2024-04-12,1.4518165686027373,21,1.1212564,0.9418286
2024-04-15,-4.813199134065993,1,0.80508596,0.88059145
2024-04-15,-4.813199134065993,3,1.0231464,0.90501803
2024-04-15,-4.813199134065993,5,1.070134,0.9159216
2024-04-15,-4.813199134065993,10,1.122573,0.94961816
2024-04-15,-4.813199134065993,21,1.1276536,1.0907345
2024-04-16,-0.07647114820361622,1,1.026884,1.1333618
2024-04-16,-0.07647114820361622,3,1.0532848,1.1637415
2024-04-16,-0.07647114820361622,5,1.0745176,1.1767371
2024-04-16,-0.07647114820361622,10,1.1233252,1.2092988
2024-04-16,-0.07647114820361622,21,1.1178106,1.3111385
2024-04-17,-1.8824065706802173,1,1.0231464,1.0133872
2024-04-17,-1.8824065706802173,3,1.070134,1.0376111
2024-04-17,-1.8824065706802173,5,1.083515,1.0362136
2024-04-17,-1.8824065706802173,10,1.1240753,1.0502728
2024-04-17,-1.8824065706802173,21,1.1175054,1.1255668
2024-04-19,-1.533904543784459,1,1.0532848,1.0815895
2024-04-19,-1.533904543784459,3,1.0745176,1.112367
2024-04-19,-1.533904543784459,5,1.1236166,1.1250156
2024-04-19,-1.533904543784459,10,1.1422749,1.1402049
2024-04-19,-1.533904543784459,21,1.1175451,1.2254243
2024-04-22,1.2997684113457808,1,1.070134,1.1222155
2024-04-22,1.2997684113457808,3,1.083515,1.1421337
2024-04-22,1.2997684113457808,5,1.1223273,1.1476825
2024-04-22,1.2997684113457808,10,1.1292802,1.1772702
2024-04-22,1.2997684113457808,21,1.1224905,1.249244
2024-04-23,-1.082954637391076,1,1.0745176,1.0872738
2024-04-23,-1.082954637391076,3,1.1236166,1.117162
2024-04-23,-1.082954637391076,5,1.122573,1.1288178
2024-04-23,-1.082954637391076,10,1.1263214,1.1308448
2024-04-23,-1.082954637391076,21,1.1173518,1.1909869
2024-04-24,2.3677045308807543,1,1.083515,1.060704
2024-04-24,2.3677045308807543,3,1.1223273,1.0831842
2024-04-24,2.3677045308807543,5,1.1233252,1.0687939
2024-04-24,2.3677045308807543,10,1.1266316,1.0903982
2024-04-24,2.3677045308807543,21,1.1293396,1.1383886
2024-04-25,-0.05309925536911564,1,1.1236166,1.1324942
2024-04-25,-0.05309925536911564,3,1.122573,1.1483037
2024-04-25,-0.05309925536911564,5,1.1240753,1.1593475
2024-04-25,-0.05309925536911564,10,1.1196437,1.1601253
2024-04-25,-0.05309925536911564,21,1.1226606,1.2379038
2024-04-26,0.3768916322668403,1,1.1223273,1.0715747
2024-04-26,0.3768916322668403,3,1.1233252,1.090993
2024-04-26,0.3768916322668403,5,1.1422749,1.0886574
2024-04-26,0.3768916322668403,10,1.1209584,1.1067634
2024-04-26,0.3768916322668403,21,1.1178557,1.212972
2024-05-02,0.5639205670812331,1,1.122573,1.0948584
2024-05-02,0.5639205670812331,3,1.1240753,1.1114092
2024-05-02,0.5639205670812331,5,1.1292802,1.1005241
2024-05-02,0.5639205670812331,10,1.1167241,1.124444
2024-05-02,0.5639205670812331,21,1.1217299,1.1831365
2024-05-03,0.3831972490678126,1,1.1233252,1.0844958
2024-05-03,0.3831972490678126,3,1.1422749,1.103329
2024-05-03,0.3831972490678126,5,1.1263214,1.093333
2024-05-03,0.3831972490678126,10,1.1212564,1.1178008
2024-05-03,0.3831972490678126,21,1.1223769,1.213945
2024-05-06,1.668999721835629,1,1.1240753,1.0719984
2024-05-06,1.668999721835629,3,1.1292802,1.0920928
2024-05-06,1.668999721835629,5,1.1266316,1.0730953
2024-05-06,1.668999721835629,10,1.1276536,1.1043174
2024-05-06,1.668999721835629,21,1.1229519,1.1508818
2024-05-07,0.5662188197348428,1,1.1422749,1.0753837
2024-05-07,0.5662188197348428,3,1.1263214,1.0902107
2024-05-07,0.5662188197348428,5,1.1196437,1.0685306
2024-05-07,0.5662188197348428,10,1.1178106,1.0890622
2024-05-07,0.5662188197348428,21,1.1347655,1.1586548
2024-05-08,0.14645333518128467,1,1.1292802,1.0588124
2024-05-08,0.14645333518128467,3,1.1266316,1.0828133
2024-05-08,0.14645333518128467,5,1.1209584,1.0679649
2024-05-08,0.14645333518128467,10,1.1175054,1.0889964
2024-05-08,0.14645333518128467,21,1.1326596,1.1271927
2024-05-09,-0.14565246062625548,1,1.1263214,1.0525522
2024-05-09,-0.14565246062625548,3,1.1196437,1.0685412
2024-05-09,-0.14565246062625548,5,1.1167241,1.054502
2024-05-09,-0.14565246062625548,10,1.1175451,1.0825702
2024-05-09,-0.14565246062625548,21,1.1313183,1.0998659
2024-05-10,-0.3160421987759676,1,1.1266316,1.0608883
2024-05-10,-0.3160421987759676,3,1.1209584,1.0804553
2024-05-10,-0.3160421987759676,5,1.1212564,1.0669591
2024-05-10,-0.3160421987759676,10,1.1224905,1.0789528
2024-05-10,-0.3160421987759676,21,1.1095762,1.1172652
2024-05-13,-0.36380066524071,1,1.1196437,1.0721161
2024-05-13,-0.36380066524071,3,1.1167241,1.0973535
2024-05-13,-0.36380066524071,5,1.1276536,1.1108997
2024-05-13,-0.36380066524071,10,1.1173518,1.1248057
2024-05-13,-0.36380066524071,21,1.1023222,1.2283517
2024-05-14,0.2496518252831592,1,1.1209584,1.2129383
2024-05-14,0.2496518252831592,3,1.1212564,1.2337865
2024-05-14,0.2496518252831592,5,1.1178106,1.2226455
2024-05-14,0.2496518252831592,10,1.1293396,1.2414204
2024-05-14,0.2496518252831592,21,1.0988197,1.3039603
2024-05-15,0.8896350018235744,1,1.1167241,1.1259265
2024-05-15,0.8896350018235744,3,1.1276536,1.1438341
2024-05-15,0.8896350018235744,5,1.1175054,1.125163
2024-05-15,0.8896350018235744,10,1.1226606,1.1318033
2024-05-15,0.8896350018235744,21,1.0705396,1.1590809
2024-05-16,1.1406410205156092,1,1.1212564,1.1494629
2024-05-16,1.1406410205156092,3,1.1178106,1.1674678
2024-05-16,1.1406410205156092,5,1.1175451,1.1514755
2024-05-16,1.1406410205156092,10,1.1178557,1.1684546
2024-05-16,1.1406410205156092,21,1.0793519,1.2366877
2024-05-17,0.3406917048512703,1,1.1276536,1.1790128
2024-05-17,0.3406917048512703,3,1.1175054,1.1948911
2024-05-17,0.3406917048512703,5,1.1224905,1.1755731
2024-05-17,0.3406917048512703,10,1.1217299,1.191929
2024-05-17,0.3406917048512703,21,1.0793172,1.234763
2024-05-20,0.3504937547101683,1,1.1178106,1.128741
2024-05-20,0.3504937547101683,3,1.1175451,1.1385269
2024-05-20,0.3504937547101683,5,1.1173518,1.1340578
2024-05-20,0.3504937547101683,10,1.1223769,1.1449488
2024-05-20,0.3504937547101683,21,1.0809001,1.1688784
2024-05-21,-0.03444604530837836,1,1.1175054,1.0423706
2024-05-21,-0.03444604530837836,3,1.1224905,1.0483491
2024-05-21,-0.03444604530837836,5,1.1293396,1.0139723
2024-05-21,-0.03444604530837836,10,1.1229519,1.0302879
2024-05-21,-0.03444604530837836,21,1.082307,1.0386677
2024-05-22,-0.8042338113606995,1,1.1175451,1.1446166
2024-05-22,-0.8042338113606995,3,1.1173518,1.1523995
2024-05-22,-0.8042338113606995,5,1.1226606,1.1367886
2024-05-22,-0.8042338113606995,10,1.1347655,1.1422505
2024-05-22,-0.8042338113606995,21,1.068553,1.1485649
2024-05-23,1.108357696658402,1,1.1224905,1.0865796
2024-05-23,1.108357696658402,3,1.1293396,1.1021641
2024-05-23,1.108357696658402,5,1.1178557,1.095346
2024-05-23,1.108357696658402,10,1.1326596,1.098678
2024-05-23,1.108357696658402,21,1.0558304,1.1461273
2024-05-24,-1.5022146775362621,1,1.1173518,1.0376205
2024-05-24,-1.5022146775362621,3,1.1226606,1.0516297
2024-05-24,-1.5022146775362621,5,1.1217299,1.028093
2024-05-24,-1.5022146775362621,10,1.1313183,1.030384
2024-05-24,-1.5022146775362621,21,1.0547454,1.0650582
2024-05-27,0.4546163166038397,1,1.1293396,1.1198268
2024-05-27,0.4546163166038397,3,1.1178557,1.1435517
2024-05-27,0.4546163166038397,5,1.1223769,1.1315249
2024-05-27,0.4546163166038397,10,1.1095762,1.1356847
2024-05-27,0.4546163166038397,21,1.0450957,1.1890292
2024-05-28,1.102226965827846,1,1.1226606,1.0996299
2024-05-28,1.102226965827846,3,1.1217299,1.125061
2024-05-28,1.102226965827846,5,1.1229519,1.0980543
2024-05-28,1.102226965827846,10,1.1023222,1.0929638
2024-05-28,1.102226965827846,21,1.0727445,1.1414233
2024-05-29,-0.7117244855884053,1,1.1178557,1.0933747
2024-05-29,-0.7117244855884053,3,1.1223769,1.1122663
2024-05-29,-0.7117244855884053,5,1.1347655,1.0852463
2024-05-29,-0.7117244855884053,10,1.0988197,1.0843203
2024-05-29,-0.7117244855884053,21,1.0730715,1.145901
2024-05-30,-0.49784266418431145,1,1.1217299,1.0832317
2024-05-30,-0.49784266418431145,3,1.1229519,1.0790206
2024-05-30,-0.49784266418431145,5,1.1326596,1.0671693
2024-05-30,-0.49784266418431145,10,1.0705396,1.0626401
2024-05-30,-0.49784266418431145,21,1.0716845,1.0842953
2024-05-31,-0.36391869406680044,1,1.1223769,1.0701797
2024-05-31,-0.36391869406680044,3,1.1347655,1.0769219
2024-05-31,-0.36391869406680044,5,1.1313183,1.0640413
2024-05-31,-0.36391869406680044,10,1.0793519,1.0514038
2024-05-31,-0.36391869406680044,21,1.0703353,1.054297
2024-06-03,1.438420847684796,1,1.1229519,1.0284398
2024-06-03,1.438420847684796,3,1.1326596,1.0403986
2024-06-03,1.438420847684796,5,1.1095762,1.0157821
2024-06-03,1.438420847684796,10,1.0793172,1.0028486
2024-06-03,1.438420847684796,21,1.0788403,1.0128672
2024-06-04,0.27462256680248487,1,1.1347655,1.0459073
2024-06-04,0.27462256680248487,3,1.1313183,1.0519823
2024-06-04,0.27462256680248487,5,1.1023222,1.0424626
2024-06-04,0.27462256680248487,10,1.0809001,1.0235125
2024-06-04,0.27462256680248487,21,1.0818462,1.0482532
2024-06-05,0.06464501932770261,1,1.1326596,1.2190173
2024-06-05,0.06464501932770261,3,1.1095762,1.2263334
2024-06-05,0.06464501932770261,5,1.0988197,1.200558
2024-06-05,0.06464501932770261,10,1.082307,1.2008724
2024-06-05,0.06464501932770261,21,1.0824871,1.205728
2024-06-06,-0.061528638069319186,1,1.1313183,1.180527
2024-06-06,-0.061528638069319186,3,1.1023222,1.1822737
2024-06-06,-0.061528638069319186,5,1.0705396,1.1682189
2024-06-06,-0.061528638069319186,10,1.068553,1.1371508
2024-06-06,-0.061528638069319186,21,1.0843009,1.1012728
2024-06-07,0.3127020135593739,1,1.1095762,1.1369174
2024-06-07,0.3127020135593739,3,1.0988197,1.1449764
2024-06-07,0.3127020135593739,5,1.0793519,1.1390839
2024-06-07,0.3127020135593739,10,1.0558304,1.1220446
2024-06-07,0.3127020135593739,21,1.0759358,1.1220845
2024-06-10,0.2396975839785931,1,1.1023222,1.1050847
2024-06-10,0.2396975839785931,3,1.0705396,1.1067466
2024-06-10,0.2396975839785931,5,1.0793172,1.088752
2024-06-10,0.2396975839785931,10,1.0547454,1.0717795
2024-06-10,0.2396975839785931,21,1.0749187,1.0589732
2024-06-11,-0.4861994448070561,1,1.0988197,1.0806303
2024-06-11,-0.4861994448070561,3,1.0793519,1.0672745
2024-06-11,-0.4861994448070561,5,1.0809001,1.0701739
2024-06-11,-0.4861994448070561,10,1.0450957,1.0432574
2024-06-11,-0.4861994448070561,21,1.0677907,1.0079405
2024-06-12,1.2210938694768636,1,1.0705396,0.9525103
2024-06-12,1.2210938694768636,3,1.0793172,0.9639248
2024-06-12,1.2210938694768636,5,1.082307,0.95906955
2024-06-12,1.2210938694768636,10,1.0727445,0.942386
2024-06-12,1.2210938694768636,21,1.0710945,0.9740094
2024-06-13,0.10147212309350451,1,1.0793519,1.0575595
2024-06-13,0.10147212309350451,3,1.0809001,1.0511293
2024-06-13,0.10147212309350451,5,1.068553,1.0394944
2024-06-13,0.10147212309350451,10,1.0730715,1.0197904
2024-06-13,0.10147212309350451,21,1.0742741,1.0031909
2024-06-14,-1.6735365905661048,1,1.0793172,1.001982
2024-06-14,-1.6735365905661048,3,1.082307,0.9889696
2024-06-14,-1.6735365905661048,5,1.0558304,0.97762424
2024-06-14,-1.6735365905661048,10,1.0716845,0.95751745
2024-06-14,-1.6735365905661048,21,1.0585985,0.9500175
2024-06-17,-0.40239927785812313,1,1.0809001,1.0340478
2024-06-17,-0.40239927785812313,3,1.068553,1.0331879
2024-06-17,-0.40239927785812313,5,1.0547454,1.004247
2024-06-17,-0.40239927785812313,10,1.0703353,0.98468703
2024-06-17,-0.40239927785812313,21,0.8533549,0.9935614
2024-06-18,0.37036064368018984,1,1.082307,1.0704937
2024-06-18,0.37036064368018984,3,1.0558304,1.069379
2024-06-18,0.37036064368018984,5,1.0450957,1.0391861
2024-06-18,0.37036064368018984,10,1.0788403,1.0486572
2024-06-18,0.37036064368018984,21,0.8533429,1.0493051
2024-06-19,0.022662535409523343,1,1.068553,0.9840428
2024-06-19,0.022662535409523343,3,1.0547454,0.98289096
2024-06-19,0.022662535409523343,5,1.0727445,0.94710284
2024-06-19,0.022662535409523343,10,1.0818462,0.933852
2024-06-19,0.022662535409523343,21,0.8139691,0.9298186
2024-06-20,0.1959338511131392,1,1.0558304,1.0326505
2024-06-20,0.1959338511131392,3,1.0450957,1.0337989
2024-06-20,0.1959338511131392,5,1.0730715,1.0073297
2024-06-20,0.1959338511131392,10,1.0824871,0.9923224
2024-06-20,0.1959338511131392,21,0.7982065,1.0026582
2024-06-21,-0.02183814821190566,1,1.0547454,1.0771351
2024-06-21,-0.02183814821190566,3,1.0727445,1.048205
2024-06-21,-0.02183814821190566,5,1.0716845,1.0232148
2024-06-21,-0.02183814821190566,10,1.0843009,1.0050032
2024-06-21,-0.02183814821190566,21,0.7847481,0.9244759
2024-06-24,-2.2002827588538665,1,1.0450957,1.0625756
2024-06-24,-2.2002827588538665,3,1.0730715,1.0430895
2024-06-24,-2.2002827588538665,5,1.0703353,1.0227226
2024-06-24,-2.2002827588538665,10,1.0759358,0.9900973
2024-06-24,-2.2002827588538665,21,0.7776114,0.94053924
2024-06-25,0.19436971403639092,1,1.0727445,1.0611469
2024-06-25,0.19436971403639092,3,1.0716845,1.0574538
2024-06-25,0.19436971403639092,5,1.0788403,1.0323329
2024-06-25,0.19436971403639092,10,1.0749187,1.0213856
2024-06-25,0.19436971403639092,21,0.7292922,0.9988163
2024-06-26,0.3717535459390575,1,1.0730715,0.9937918
2024-06-26,0.3717535459390575,3,1.0703353,0.9804499
2024-06-26,0.3717535459390575,5,1.0818462,0.9554313
2024-06-26,0.3717535459390575,10,1.0677907,0.93043643
2024-06-26,0.3717535459390575,21,0.76882535,0.89325684
2024-06-27,-0.1706126198974367,1,1.0716845,1.0790908
2024-06-27,-0.1706126198974367,3,1.0788403,1.0770872
2024-06-27,-0.1706126198974367,5,1.0824871,1.0702684
2024-06-27,-0.1706126198974367,10,1.0710945,1.0353571
2024-06-27,-0.1706126198974367,21,0.77030176,0.9953782
2024-06-28,-1.0996712810001696,1,1.0703353,1.1106918
2024-06-28,-1.0996712810001696,3,1.0818462,1.0974035
2024-06-28,-1.0996712810001696,5,1.0843009,1.0836662
2024-06-28,-1.0996712810001696,10,1.0742741,1.0095445
2024-06-28,-1.0996712810001696,21,0.7695041,0.9350195
2024-07-01,0.7392388497420299,1,1.0788403,1.0961726
2024-07-01,0.7392388497420299,3,1.0824871,1.0939896
2024-07-01,0.7392388497420299,5,1.0759358,1.0796666
2024-07-01,0.7392388497420299,10,1.0585985,1.0019764
2024-07-01,0.7392388497420299,21,0.77334166,0.95230204
2024-07-02,1.2066618966782627,1,1.0818462,1.0457971
2024-07-02,1.2066618966782627,3,1.0843009,1.0320177
2024-07-02,1.2066618966782627,5,1.0749187,0.99350584
2024-07-02,1.2066618966782627,10,0.8533549,0.96550506
2024-07-02,1.2066618966782627,21,0.7446945,0.9362533
2024-07-03,0.5544574880404163,1,1.0824871,1.0312552
2024-07-03,0.5544574880404163,3,1.0759358,1.0084115
2024-07-03,0.5544574880404163,5,1.0677907,0.99543506
2024-07-03,0.5544574880404163,10,0.8533429,0.9147479
2024-07-03,0.5544574880404163,21,0.7412851,0.872048
2024-07-04,0.23780293910258266,1,1.0843009,0.967301
2024-07-04,0.23780293910258266,3,1.0749187,0.9452501
2024-07-04,0.23780293910258266,5,1.0710945,0.9069683
2024-07-04,0.23780293910258266,10,0.8139691,0.8376377
2024-07-04,0.23780293910258266,21,0.74405426,0.83334714
2024-07-05,0.2458125337894579,1,1.0759358,1.0315738
2024-07-05,0.2458125337894579,3,1.0677907,0.99584806
2024-07-05,0.2458125337894579,5,1.0742741,0.9514838
2024-07-05,0.2458125337894579,10,0.7982065,0.8439858
2024-07-05,0.2458125337894579,21,0.78601986,0.82154375
2024-07-08,0.04052053355527718,1,1.0749187,1.004354
2024-07-08,0.04052053355527718,3,1.0710945,0.97439873
2024-07-08,0.04052053355527718,5,1.0585985,0.91978925
2024-07-08,0.04052053355527718,10,0.7847481,0.82825357
2024-07-08,0.04052053355527718,21,0.7918992,0.79042923
2024-07-09,0.7876592267043847,1,1.0677907,0.9684693
2024-07-09,0.7876592267043847,3,1.0742741,0.93505424
2024-07-09,0.7876592267043847,5,0.8533549,0.8826097
2024-07-09,0.7876592267043847,10,0.7776114,0.7720746
2024-07-09,0.7876592267043847,21,0.94182754,0.7426294
2024-07-10,-0.6024091250790065,1,1.0710945,1.0667052
2024-07-10,-0.6024091250790065,3,1.0585985,1.0358127
2024-07-10,-0.6024091250790065,5,0.8533429,0.9797369
2024-07-10,-0.6024091250790065,10,0.7292922,0.88552314
2024-07-10,-0.6024091250790065,21,0.97277105,0.817315
2024-07-11,-0.16655385328476768,1,1.0742741,1.06863
2024-07-11,-0.16655385328476768,3,0.8533549,1.0276138
2024-07-11,-0.16655385328476768,5,0.8139691,0.96126246
2024-07-11,-0.16655385328476768,10,0.76882535,0.85378224
2024-07-11,-0.16655385328476768,21,0.9674471,0.7776832
2024-07-12,-0.2378586058365606,1,1.0585985,1.0667112
2024-07-12,-0.2378586058365606,3,0.8533429,1.0306417
2024-07-12,-0.2378586058365606,5,0.7982065,0.9606694
2024-07-12,-0.2378586058365606,10,0.77030176,0.86907345
2024-07-12,-0.2378586058365606,21,0.9575135,0.7870286
2024-07-15,-0.07264007942717754,1,0.8533549,0.8454724
2024-07-15,-0.07264007942717754,3,0.8139691,0.8441914
2024-07-15,-0.07264007942717754,5,0.7847481,0.82593644
2024-07-15,-0.07264007942717754,10,0.7695041,0.78905207
2024-07-15,-0.07264007942717754,21,0.9713971,0.8044233
2024-07-16,0.10620852228377942,1,0.8533429,0.84812427
2024-07-16,0.10620852228377942,3,0.7982065,0.8354185
2024-07-16,0.10620852228377942,5,0.7776114,0.8193008
2024-07-16,0.10620852228377942,10,0.77334166,0.78105336
2024-07-16,0.10620852228377942,21,0.97306514,0.81283134
2024-07-17,-0.9820302934445913,1,0.8139691,0.8147914
2024-07-17,-0.9820302934445913,3,0.7847481,0.80961573
2024-07-17,-0.9820302934445913,5,0.7292922,0.78713566
2024-07-17,-0.9820302934445913,10,0.7446945,0.7722363
2024-07-17,-0.9820302934445913,21,0.97310513,0.80640787
2024-07-18,0.4545641109357845,1,0.7982065,0.73292077
2024-07-18,0.4545641109357845,3,0.7776114,0.73037475
2024-07-18,0.4545641109357845,5,0.76882535,0.7046478
2024-07-18,0.4545641109357845,10,0.7412851,0.7034316
2024-07-18,0.4545641109357845,21,0.9683138,0.7318192
2024-07-19,-0.7608672429274321,1,0.7847481,0.6997978
2024-07-19,-0.7608672429274321,3,0.7292922,0.69227386
2024-07-19,-0.7608672429274321,5,0.77030176,0.66465336
2024-07-19,-0.7608672429274321,10,0.74405426,0.66930646
2024-07-19,-0.7608672429274321,21,0.9585431,0.7164654
2024-07-22,-0.8049515167346755,1,0.7776114,0.69232655
2024-07-22,-0.8049515167346755,3,0.76882535,0.6981456
2024-07-22,-0.8049515167346755,5,0.7695041,0.676614
2024-07-22,-0.8049515167346755,10,0.78601986,0.6955212
2024-07-22,-0.8049515167346755,21,0.9880732,0.7292562
2024-07-23,-1.8364046405172196,1,0.7292922,0.69670725
2024-07-23,-1.8364046405172196,3,0.77030176,0.70924205
2024-07-23,-1.8364046405172196,5,0.77334166,0.6965535
2024-07-23,-1.8364046405172196,10,0.7918992,0.70287627
2024-07-23,-1.8364046405172196,21,0.991084,0.71390295
2024-07-24,0.539211436481768,1,0.76882535,0.77760404
2024-07-24,0.539211436481768,3,0.7695041,0.7931867
2024-07-24,0.539211436481768,5,0.7446945,0.78537494
2024-07-24,0.539211436481768,10,0.94182754,0.78638405
2024-07-24,0.539211436481768,21,0.98707706,0.80516845
2024-07-25,-0.42724387914523376,1,0.77030176,0.7431362
2024-07-25,-0.42724387914523376,3,0.77334166,0.7501673
2024-07-25,-0.42724387914523376,5,0.7412851,0.74943775
2024-07-25,-0.42724387914523376,10,0.97277105,0.7486834
2024-07-25,-0.42724387914523376,21,0.9895908,0.7639982
2024-07-26,0.7207238404949301,1,0.7695041,0.7354674
2024-07-26,0.7207238404949301,3,0.7446945,0.7451572
2024-07-26,0.7207238404949301,5,0.74405426,0.7483888
2024-07-26,0.7207238404949301,10,0.9674471,0.75169754
2024-07-26,0.7207238404949301,21,0.98746157,0.7775578
2024-07-29,0.3608298975438906,1,0.77334166,0.7481095
2024-07-29,0.3608298975438906,3,0.7412851,0.7469036
2024-07-29,0.3608298975438906,5,0.78601986,0.75170624
2024-07-29,0.3608298975438906,10,0.9575135,0.7572744
2024-07-29,0.3608298975438906,21,0.98642516,0.79185677
2024-07-30,-0.12361238660920648,1,0.7446945,0.71573466
2024-07-30,-0.12361238660920648,3,0.74405426,0.71371126
2024-07-30,-0.12361238660920648,5,0.7918992,0.7083822
2024-07-30,-0.12361238660920648,10,0.9713971,0.71994364
2024-07-30,-0.12361238660920648,21,0.97074705,0.71725136
2024-07-31,0.5167100742753838,1,0.7412851,0.7417577
2024-07-31,0.5167100742753838,3,0.78601986,0.74553794
2024-07-31,0.5167100742753838,5,0.94182754,0.73078126
2024-07-31,0.5167100742753838,10,0.97306514,0.73762685
2024-07-31,0.5167100742753838,21,0.9701071,0.7379903
2024-08-01,-1.9811256908887742,1,0.74405426,0.7619715
2024-08-01,-1.9811256908887742,3,0.7918992,0.76376945
2024-08-01,-1.9811256908887742,5,0.97277105,0.7663036
2024-08-01,-1.9811256908887742,10,0.97310513,0.77420455
2024-08-01,-1.9811256908887742,21,0.970112,0.8028753
2024-08-02,0.7826112781944339,1,0.78601986,0.859733
2024-08-02,0.7826112781944339,3,0.94182754,0.8759607
2024-08-02,0.7826112781944339,5,0.9674471,0.8820153
2024-08-02,0.7826112781944339,10,0.9683138,0.88192445
2024-08-02,0.7826112781944339,21,0.9700831,0.9201547
2024-08-05,-4.0035536378821845,1,0.7918992,0.85218185
2024-08-05,-4.0035536378821845,3,0.97277105,0.8585374
2024-08-05,-4.0035536378821845,5,0.9575135,0.8647062
2024-08-05,-4.0035536378821845,10,0.9585431,0.8590727
2024-08-05,-4.0035536378821845,21,0.9695356,0.9080751
2024-08-06,1.852159603382031,1,0.94182754,1.0049894
2024-08-06,1.852159603382031,3,0.9674471,1.0094045
2024-08-06,1.852159603382031,5,0.9713971,1.0120739
2024-08-06,1.852159603382031,10,0.9880732,1.004904
2024-08-06,1.852159603382031,21,0.97227484,1.0220671
2024-08-07,0.4616356666511834,1,0.97277105,0.94493717
2024-08-07,0.4616356666511834,3,0.9575135,0.9556523
2024-08-07,0.4616356666511834,5,0.97306514,0.9665723
2024-08-07,0.4616356666511834,10,0.991084,0.94421303
2024-08-07,0.4616356666511834,21,0.9732616,0.98074585
2024-08-08,-0.6237129368952488,1,0.9674471,0.95933825
2024-08-08,-0.6237129368952488,3,0.9713971,0.9682742
2024-08-08,-0.6237129368952488,5,0.97310513,0.96541244
2024-08-08,-0.6237129368952488,10,0.98707706,0.9417308
2024-08-08,-0.6237129368952488,21,0.9618167,0.96555775
2024-08-09,1.2599058087108261,1,0.9575135,0.90869087
2024-08-09,1.2599058087108261,3,0.97306514,0.91382104
2024-08-09,1.2599058087108261,5,0.9683138,0.91739374
2024-08-09,1.2599058087108261,10,0.9895908,0.9113449
2024-08-09,1.2599058087108261,21,0.96340954,0.9432619
2024-08-12,0.5411762572180123,1,0.9713971,0.9247716
2024-08-12,0.5411762572180123,3,0.97310513,0.9308025
2024-08-12,0.5411762572180123,5,0.9585431,0.9340268
2024-08-12,0.5411762572180123,10,0.98746157,0.9250939
2024-08-12,0.5411762572180123,21,0.94800425,0.9698554
2024-08-13,0.01137887594184761,1,0.97306514,0.93009543
2024-08-13,0.01137887594184761,3,0.9683138,0.9515317
2024-08-13,0.01137887594184761,5,0.9880732,0.9408873
2024-08-13,0.01137887594184761,10,0.98642516,0.94510436
2024-08-13,0.01137887594184761,21,0.9469265,0.9873302
2024-08-14,-0.0048765025733032985,1,0.97310513,0.8883069
2024-08-14,-0.0048765025733032985,3,0.9585431,0.8862882
2024-08-14,-0.0048765025733032985,5,0.991084,0.872539
2024-08-14,-0.0048765025733032985,10,0.97074705,0.87099135
2024-08-14,-0.0048765025733032985,21,0.94618464,0.8893098
2024-08-15,-0.5542167149301669,1,0.9683138,0.97735065
2024-08-15,-0.5542167149301669,3,0.9880732,0.98860073
2024-08-15,-0.5542167149301669,5,0.98707706,0.9702914
2024-08-15,-0.5542167149301669,10,0.9701071,0.9832957
2024-08-15,-0.5542167149301669,21,0.94715226,1.0037123
2024-08-16,2.3161319537739367,1,0.9585431,0.87707764
2024-08-16,2.3161319537739367,3,0.991084,0.890523
2024-08-16,2.3161319537739367,5,0.9895908,0.8842136
2024-08-16,2.3161319537739367,10,0.970112,0.89858824
2024-08-16,2.3161319537739367,21,0.9545894,0.933929
2024-08-19,0.7470647549959963,1,0.9880732,0.9460756
2024-08-19,0.7470647549959963,3,0.98707706,0.9677475
2024-08-19,0.7470647549959963,5,0.98746157,0.9564578
2024-08-19,0.7470647549959963,10,0.9700831,0.9716955
2024-08-19,0.7470647549959963,21,0.9772257,1.021495
2024-08-20,0.8626151975185792,1,0.991084,0.9892783
2024-08-20,0.8626151975185792,3,0.9895908,1.0072176
2024-08-20,0.8626151975185792,5,0.98642516,1.0082692
2024-08-20,0.8626151975185792,10,0.9695356,1.029741
2024-08-20,0.8626151975185792,21,0.9373902,1.065377
2024-08-21,0.8996383918118411,1,0.98707706,0.96735317
2024-08-21,0.8996383918118411,3,0.98746157,0.96407515
2024-08-21,0.8996383918118411,5,0.97074705,0.96783096
2024-08-21,0.8996383918118411,10,0.97227484,0.9969109
2024-08-21,0.8996383918118411,21,0.9392037,1.031425
2024-08-22,-0.09895474991585829,1,0.9895908,0.9838168
2024-08-22,-0.09895474991585829,3,0.98642516,0.9934463
2024-08-22,-0.09895474991585829,5,0.9701071,0.99057215
2024-08-22,-0.09895474991585829,10,0.9732616,1.0040396
2024-08-22,-0.09895474991585829,21,0.9381022,1.0301135
2024-08-23,0.1978116761994997,1,0.98746157,0.99189883
2024-08-23,0.1978116761994997,3,0.97074705,0.98906463
2024-08-23,0.1978116761994997,5,0.970112,0.9939123
2024-08-23,0.1978116761994997,10,0.9618167,1.007715
2024-08-23,0.1978116761994997,21,0.9385671,1.0286014
2024-08-26,-0.4132011772944644,1,0.98642516,0.9877568
2024-08-26,-0.4132011772944644,3,0.9701071,1.005187
2024-08-26,-0.4132011772944644,5,0.9700831,1.00348
2024-08-26,-0.4132011772944644,10,0.96340954,0.9963398
2024-08-26,-0.4132011772944644,21,0.93091697,0.99490803
2024-08-27,0.04217794468486247,1,0.97074705,0.914539
2024-08-27,0.04217794468486247,3,0.970112,0.9229918
2024-08-27,0.04217794468486247,5,0.9695356,0.9377059
2024-08-27,0.04217794468486247,10,0.94800425,0.927409
2024-08-27,0.04217794468486247,21,0.9319559,0.97463363
2024-08-28,0.06869633369293027,1,0.9701071,1.0146191
2024-08-28,0.06869633369293027,3,0.9700831,1.0241995
2024-08-28,0.06869633369293027,5,0.97227484,1.0400834
2024-08-28,0.06869633369293027,10,0.9469265,1.0253468
2024-08-28,0.06869633369293027,21,0.9203001,1.0616848
2024-08-29,0.0023410888405628327,1,0.970112,0.947412
2024-08-29,0.0023410888405628327,3,0.9695356,0.9768705
2024-08-29,0.0023410888405628327,5,0.9732616,0.97893256
2024-08-29,0.0023410888405628327,10,0.94618464,0.96783215
2024-08-29,0.0023410888405628327,21,0.9177827,1.0416826
2024-08-30,0.1871097554476897,1,0.9700831,0.99030256
2024-08-30,0.1871097554476897,3,0.97227484,1.0048165
2024-08-30,0.1871097554476897,5,0.9618167,1.0221308
2024-08-30,0.1871097554476897,10,0.94715226,1.0072373
2024-08-30,0.1871097554476897,21,0.9178765,1.0403285
2024-09-04,-0.6305521210399512,1,0.9695356,0.93427074
2024-09-04,-0.6305521210399512,3,0.9732616,0.94853175
2024-09-04,-0.6305521210399512,5,0.96340954,0.9255025
2024-09-04,-0.6305521210399512,10,0.9545894,0.92752606
2024-09-04,-0.6305521210399512,21,0.9183007,0.9423201
2024-09-05,-0.596697538140134,1,0.97227484,0.9146662
2024-09-05,-0.596697538140134,3,0.9618167,0.92978436
2024-09-05,-0.596697538140134,5,0.94800425,0.9287129
2024-09-05,-0.596697538140134,10,0.9772257,0.91740364
2024-09-05,-0.596697538140134,21,0.91938156,0.9514379
2024-09-06,0.45237020384991666,1,0.9732616,0.90885454
2024-09-06,0.45237020384991666,3,0.96340954,0.9217834
2024-09-06,0.45237020384991666,5,0.9469265,0.9164378
2024-09-06,0.45237020384991666,10,0.9373902,0.9050121
2024-09-06,0.45237020384991666,21,0.91877615,0.9572525
2024-09-09,-0.4902259895334993,1,0.9618167,0.8438559
2024-09-09,-0.4902259895334993,3,0.94800425,0.86026067
2024-09-09,-0.4902259895334993,5,0.94618464,0.83261114
2024-09-09,-0.4902259895334993,10,0.9392037,0.84226227
2024-09-09,-0.4902259895334993,21,0.9186314,0.8908731
2024-09-10,-0.9909076862794741,1,0.96340954,0.9491043
2024-09-10,-0.9909076862794741,3,0.9469265,0.98043156
2024-09-10,-0.9909076862794741,5,0.94715226,0.96901083
2024-09-10,-0.9909076862794741,10,0.9381022,0.9762298
2024-09-10,-0.9909076862794741,21,0.9184443,1.0546743
2024-09-11,-0.1562687182666167,1,0.94800425,0.9065386
2024-09-11,-0.1562687182666167,3,0.94618464,0.9435293
2024-09-11,-0.1562687182666167,5,0.9545894,0.9389394
2024-09-11,-0.1562687182666167,10,0.9385671,0.92035025
2024-09-11,-0.1562687182666167,21,0.918274,1.0105171
2024-09-12,0.24545561052082832,1,0.9469265,0.96389705
2024-09-12,0.24545561052082832,3,0.94715226,0.9996668
2024-09-12,0.24545561052082832,5,0.9772257,0.9829646
2024-09-12,0.24545561052082832,10,0.93091697,0.98050267
2024-09-12,0.24545561052082832,21,0.92369974,1.0705407
2024-09-13,-0.37000751925235775,1,0.94618464,0.93346715
2024-09-13,-0.37000751925235775,3,0.9545894,0.96378696
2024-09-13,-0.37000751925235775,5,0.9373902,0.9629274
2024-09-13,-0.37000751925235775,10,0.9319559,0.94961804
2024-09-13,-0.37000751925235775,21,0.9246896,1.0463698
2024-09-16,-0.9996189171903147,1,0.94715226,0.937055
2024-09-16,-0.9996189171903147,3,0.9772257,0.9565356
2024-09-16,-0.9996189171903147,5,0.9392037,0.9590604
2024-09-16,-0.9996189171903147,10,0.9203001,0.93005925
2024-09-16,-0.9996189171903147,21,0.91584706,1.0058726
2024-09-17,1.5763612932008009,1,0.9545894,0.9636664
2024-09-17,1.5763612932008009,3,0.9373902,0.9742244
2024-09-17,1.5763612932008009,5,0.9381022,0.9793181
2024-09-17,1.5763612932008009,10,0.9177827,0.9567657
2024-09-17,1.5763612932008009,21,0.91442674,1.0163628
2024-09-18,0.4715027456549947,1,0.9772257,0.9851672
2024-09-18,0.4715027456549947,3,0.9392037,0.99486285
2024-09-18,0.4715027456549947,5,0.9385671,0.98162776
2024-09-18,0.4715027456549947,10,0.9178765,0.9780285
2024-09-18,0.4715027456549947,21,0.91055495,1.0708698
2024-09-19,0.5023333132224472,1,0.9373902,0.94204843
2024-09-19,0.5023333132224472,3,0.9381022,0.95888895
2024-09-19,0.5023333132224472,5,0.93091697,0.9488086
2024-09-19,0.5023333132224472,10,0.9183007,0.94526964
2024-09-19,0.5023333132224472,21,0.9044111,0.9421339
2024-09-20,0.06055101607946867,1,0.9392037,0.96272653
2024-09-20,0.06055101607946867,3,0.9385671,0.9711829
2024-09-20,0.06055101607946867,5,0.9319559,0.950314
2024-09-20,0.06055101607946867,10,0.91938156,0.9498959
2024-09-20,0.06055101607946867,21,0.87326574,0.943554
2024-09-23,-0.2802577685002028,1,0.9381022,0.95725673
2024-09-23,-0.2802577685002028,3,0.93091697,0.9546565
2024-09-23,-0.2802577685002028,5,0.9203001,0.9730483
2024-09-23,-0.2802577685002028,10,0.91877615,0.94477206
2024-09-23,-0.2802577685002028,21,0.8713518,0.9421777
2024-09-24,0.6686412886801385,1,0.9385671,0.9729745
2024-09-24,0.6686412886801385,3,0.9319559,0.96652263
2024-09-24,0.6686412886801385,5,0.9177827,0.9728727
2024-09-24,0.6686412886801385,10,0.9186314,0.9632346
2024-09-24,0.6686412886801385,21,0.87150764,0.97905874
2024-09-25,0.8181073288340279,1,0.93091697,0.8959518
2024-09-25,0.8181073288340279,3,0.9203001,0.8841803
2024-09-25,0.8181073288340279,5,0.9178765,0.9142352
2024-09-25,0.8181073288340279,10,0.9184443,0.9102264
2024-09-25,0.8181073288340279,21,0.87369233,0.9389924
2024-09-26,0.31097711346914636,1,0.9319559,0.8887677
2024-09-26,0.31097711346914636,3,0.9177827,0.8919216
2024-09-26,0.31097711346914636,5,0.9183007,0.8869588
2024-09-26,0.31097711346914636,10,0.918274,0.88145655
2024-09-26,0.31097711346914636,21,0.87269545,0.91294473
2024-09-27,-0.0441448111846654,1,0.9203001,0.9007852
2024-09-27,-0.0441448111846654,3,0.9178765,0.89490956
2024-09-27,-0.0441448111846654,5,0.91938156,0.90851086
2024-09-27,-0.0441448111846654,10,0.92369974,0.89443773
2024-09-27,-0.0441448111846654,21,0.8837911,0.93790483
2024-09-30,-0.23110997311936998,1,0.9177827,0.88208467
2024-09-30,-0.23110997311936998,3,0.9183007,0.8772128
2024-09-30,-0.23110997311936998,5,0.91877615,0.8730014
2024-09-30,-0.23110997311936998,10,0.9246896,0.8623316
2024-09-30,-0.23110997311936998,21,0.88274133,0.9155814
2024-10-01,0.3302149395758569,1,0.9178765,0.808975
2024-10-01,0.3302149395758569,3,0.91938156,0.8026487
2024-10-01,0.3302149395758569,5,0.9186314,0.80056846
2024-10-01,0.3302149395758569,10,0.91584706,0.79656285
2024-10-01,0.3302149395758569,21,0.8443167,0.8348774
2024-10-02,-0.3379795778641004,1,0.9183007,0.9045529
2024-10-02,-0.3379795778641004,3,0.91877615,0.9114693
2024-10-02,-0.3379795778641004,5,0.9184443,0.9255013
2024-10-02,-0.3379795778641004,10,0.91442674,0.9348803
2024-10-02,-0.3379795778641004,21,0.8414881,1.0240586
2024-10-03,-0.7591796207755408,1,0.91938156,0.83885986
2024-10-03,-0.7591796207755408,3,0.9186314,0.8515584
2024-10-03,-0.7591796207755408,5,0.918274,0.8384179
2024-10-03,-0.7591796207755408,10,0.91055495,0.8120819
2024-10-03,-0.7591796207755408,21,0.6586999,0.8367154
2024-10-04,-0.5885370305235504,1,0.91877615,0.9213511
2024-10-04,-0.5885370305235504,3,0.9184443,0.9339927
2024-10-04,-0.5885370305235504,5,0.92369974,0.9387001
2024-10-04,-0.5885370305235504,10,0.9044111,0.91533947
2024-10-04,-0.5885370305235504,21,0.6198462,0.9729728
2024-10-07,-0.05274490090911854,1,0.9186314,0.91299945
2024-10-07,-0.05274490090911854,3,0.918274,0.9223581
2024-10-07,-0.05274490090911854,5,0.9246896,0.896005
2024-10-07,-0.05274490090911854,10,0.87326574,0.8934025
2024-10-07,-0.05274490090911854,21,0.62680006,0.9333536
2024-10-08,0.1612960682673581,1,0.9184443,0.8834748
2024-10-08,0.1612960682673581,3,0.92369974,0.8980787
2024-10-08,0.1612960682673581,5,0.91584706,0.89795154
2024-10-08,0.1612960682673581,10,0.8713518,0.87376565
2024-10-08,0.1612960682673581,21,0.63069576,0.9143942
2024-10-09,0.7729605448830945,1,0.918274,0.95880336
2024-10-09,0.7729605448830945,3,0.9246896,0.9610958
2024-10-09,0.7729605448830945,5,0.91442674,0.95376015
2024-10-09,0.7729605448830945,10,0.87150764,0.9364012
2024-10-09,0.7729605448830945,21,0.61073196,0.9841812
2024-10-10,0.35121774590480825,1,0.92369974,0.8518714
2024-10-10,0.35121774590480825,3,0.91584706,0.85473186
2024-10-10,0.35121774590480825,5,0.91055495,0.8643399
2024-10-10,0.35121774590480825,10,0.87369233,0.8456754
2024-10-10,0.35121774590480825,21,0.626764,0.92021364
2024-10-11,0.15768524482968616,1,0.9246896,0.95403093
2024-10-11,0.15768524482968616,3,0.91442674,0.9684984
2024-10-11,0.15768524482968616,5,0.9044111,0.959242
2024-10-11,0.15768524482968616,10,0.87269545,0.9479848
2024-10-11,0.15768524482968616,21,0.6271006,1.0091546
2024-10-14,-0.15924003162961498,1,0.91584706,0.98246604
2024-10-14,-0.15924003162961498,3,0.91055495,0.9960161
2024-10-14,-0.15924003162961498,5,0.87326574,0.9712194
2024-10-14,-0.15924003162961498,10,0.8837911,0.9541402
2024-10-14,-0.15924003162961498,21,0.63195604,0.9648514
2024-10-15,-0.40975043891640084,1,0.91442674,0.8832105
2024-10-15,-0.40975043891640084,3,0.9044111,0.8680735
2024-10-15,-0.40975043891640084,5,0.8713518,0.86091644
2024-10-15,-0.40975043891640084,10,0.88274133,0.8048191
2024-10-15,-0.40975043891640084,21,0.6279898,0.7574298
2024-10-16,-0.1249726784955385,1,0.91055495,0.9307787
2024-10-16,-0.1249726784955385,3,0.87326574,0.9110671
2024-10-16,-0.1249726784955385,5,0.87150764,0.8689502
2024-10-16,-0.1249726784955385,10,0.8443167,0.81548023
2024-10-16,-0.1249726784955385,21,0.55624187,0.7523852
2024-10-17,0.5487153284373214,1,0.9044111,0.868443
2024-10-17,0.5487153284373214,3,0.8713518,0.84598273
2024-10-17,0.5487153284373214,5,0.87369233,0.8571382
2024-10-17,0.5487153284373214,10,0.8414881,0.8077882
2024-10-17,0.5487153284373214,21,0.5476606,0.78220665
2024-10-18,-0.08242677314873603,1,0.87326574,0.861517
2024-10-18,-0.08242677314873603,3,0.87150764,0.8386528
2024-10-18,-0.08242677314873603,5,0.87269545,0.82911164
2024-10-18,-0.08242677314873603,10,0.6586999,0.76286715
2024-10-18,-0.08242677314873603,21,0.55386806,0.7503079
2024-10-21,-0.443625665673153,1,0.8713518,0.8913806
2024-10-21,-0.443625665673153,3,0.87369233,0.8657832
2024-10-21,-0.443625665673153,5,0.8837911,0.83543426
2024-10-21,-0.443625665673153,10,0.6198462,0.75820416
2024-10-21,-0.443625665673153,21,0.5552461,0.75268126
2024-10-22,-0.775009173974528,1,0.87150764,0.87331706
2024-10-22,-0.775009173974528,3,0.87269545,0.8364646
2024-10-22,-0.775009173974528,5,0.88274133,0.8079203
2024-10-22,-0.775009173974528,10,0.62680006,0.7191736
2024-10-22,-0.775009173974528,21,0.55525917,0.73477054
2024-10-23,0.0795028359839911,1,0.87369233,0.8230644
2024-10-23,0.0795028359839911,3,0.8837911,0.7872685
2024-10-23,0.0795028359839911,5,0.8443167,0.75160146
2024-10-23,0.0795028359839911,10,0.63069576,0.67986256
2024-10-23,0.0795028359839911,21,0.56576276,0.66527694
2024-10-24,-1.067126105196703,1,0.87269545,0.787365
2024-10-24,-1.067126105196703,3,0.88274133,0.7608989
2024-10-24,-1.067126105196703,5,0.8414881,0.7424614
2024-10-24,-1.067126105196703,10,0.61073196,0.68907905
2024-10-24,-1.067126105196703,21,0.5799351,0.73352486
2024-10-25,-0.3736862598869628,1,0.8837911,0.7873105
2024-10-25,-0.3736862598869628,3,0.8443167,0.75614816
2024-10-25,-0.3736862598869628,5,0.6586999,0.6950396
2024-10-25,-0.3736862598869628,10,0.626764,0.6122492
2024-10-25,-0.3736862598869628,21,0.5951206,0.5806601
2024-10-28,0.16351016009892305,1,0.88274133,0.85666865
2024-10-28,0.16351016009892305,3,0.8414881,0.8294293
2024-10-28,0.16351016009892305,5,0.6198462,0.78578454
2024-10-28,0.16351016009892305,10,0.6271006,0.71670276
2024-10-28,0.16351016009892305,21,0.5948877,0.6774492
2024-10-29,0.5571133600430045,1,0.8443167,0.840356
2024-10-29,0.5571133600430045,3,0.6586999,0.8062748
2024-10-29,0.5571133600430045,5,0.62680006,0.7634067
2024-10-29,0.5571133600430045,10,0.63195604,0.7154485
2024-10-29,0.5571133600430045,21,0.59988374,0.69612736
2024-10-30,-0.24995946215842224,1,0.8414881,0.81015867
2024-10-30,-0.24995946215842224,3,0.6198462,0.7723399
2024-10-30,-0.24995946215842224,5,0.63069576,0.72390217
2024-10-30,-0.24995946215842224,10,0.6279898,0.681804
2024-10-30,-0.24995946215842224,21,0.6050468,0.64545524
2024-10-31,0.46371426396421,1,0.6586999,0.6348942
2024-10-31,0.46371426396421,3,0.62680006,0.6364233
2024-10-31,0.46371426396421,5,0.61073196,0.62039185
2024-10-31,0.46371426396421,10,0.55624187,0.6235952
2024-10-31,0.46371426396421,21,0.60040486,0.65507454
2024-11-01,-0.7613051134604198,1,0.6198462,0.6216884
2024-11-01,-0.7613051134604198,3,0.63069576,0.6219293
2024-11-01,-0.7613051134604198,5,0.626764,0.60452414
2024-11-01,-0.7613051134604198,10,0.5476606,0.62075204
2024-11-01,-0.7613051134604198,21,0.59611994,0.67406225
2024-11-04,-0.8145348282968534,1,0.62680006,0.6204031
2024-11-04,-0.8145348282968534,3,0.61073196,0.62102574
2024-11-04,-0.8145348282968534,5,0.6271006,0.5945841
2024-11-04,-0.8145348282968534,10,0.55386806,0.60860175
2024-11-04,-0.8145348282968534,21,0.5997234,0.65260386
2024-11-05,0.0843214382999058,1,0.63069576,0.59702545
2024-11-05,0.0843214382999058,3,0.626764,0.59282845
2024-11-05,0.0843214382999058,5,0.63195604,0.5755882
2024-11-05,0.0843214382999058,10,0.5552461,0.58234084
2024-11-05,0.0843214382999058,21,0.5968314,0.62781054
2024-11-06,1.2381292889506845,1,0.61073196,0.5791158
2024-11-06,1.2381292889506845,3,0.6271006,0.5786647
2024-11-06,1.2381292889506845,5,0.6279898,0.55770725
2024-11-06,1.2381292889506845,10,0.55525917,0.56766623
2024-11-06,1.2381292889506845,21,0.5834998,0.6023948
2024-11-07,-0.12137897508903706,1,0.626764,0.5638094
2024-11-07,-0.12137897508903706,3,0.63195604,0.5452384
2024-11-07,-0.12137897508903706,5,0.55624187,0.51002604
2024-11-07,-0.12137897508903706,10,0.56576276,0.5316993
2024-11-07,-0.12137897508903706,21,0.5910675,0.5942621
2024-11-08,-0.5723831557440384,1,0.6271006,0.59121114
2024-11-08,-0.5723831557440384,3,0.6279898,0.5763216
2024-11-08,-0.5723831557440384,5,0.5476606,0.5586581
2024-11-08,-0.5723831557440384,10,0.5799351,0.5615104
2024-11-08,-0.5723831557440384,21,0.65299076,0.62124324
2024-11-11,-0.17899384693293996,1,0.63195604,0.6329878
2024-11-11,-0.17899384693293996,3,0.55624187,0.61093736
2024-11-11,-0.17899384693293996,5,0.55386806,0.5888477
2024-11-11,-0.17899384693293996,10,0.5951206,0.60644364
2024-11-11,-0.17899384693293996,21,0.65149444,0.6647884
2024-11-12,-0.4408577400834446,1,0.6279898,0.59422207
2024-11-12,-0.4408577400834446,3,0.5476606,0.58212525
2024-11-12,-0.4408577400834446,5,0.5552461,0.5589722
2024-11-12,-0.4408577400834446,10,0.5948877,0.58771396
2024-11-12,-0.4408577400834446,21,0.63850665,0.6343276
2024-11-13,0.09795814277451242,1,0.55624187,0.5033805
2024-11-13,0.09795814277451242,3,0.55386806,0.48617676
2024-11-13,0.09795814277451242,5,0.55525917,0.48055652
2024-11-13,0.09795814277451242,10,0.59988374,0.5051063
2024-11-13,0.09795814277451242,21,0.6069622,0.5575649
2024-11-14,-1.1420947167875894,1,0.5476606,0.53207964
2024-11-14,-1.1420947167875894,3,0.5552461,0.5101872
2024-11-14,-1.1420947167875894,5,0.56576276,0.50413686
2024-11-14,-1.1420947167875894,10,0.6050468,0.51952446
2024-11-14,-1.1420947167875894,21,0.6050068,0.538527
2024-11-15,-1.0871535296191226,1,0.55386806,0.5329633
2024-11-15,-1.0871535296191226,3,0.55525917,0.5205651
2024-11-15,-1.0871535296191226,5,0.5799351,0.50360066
2024-11-15,-1.0871535296191226,10,0.60040486,0.5296748
2024-11-15,-1.0871535296191226,21,0.601718,0.5547527
2024-11-18,-0.11906278477908927,1,0.5552461,0.5587084
2024-11-18,-0.11906278477908927,3,0.56576276,0.5677751
2024-11-18,-0.11906278477908927,5,0.5951206,0.55944705
2024-11-18,-0.11906278477908927,10,0.59611994,0.57721794
2024-11-18,-0.11906278477908927,21,0.6035352,0.6399709
2024-11-19,-0.9883371743591773,1,0.55525917,0.57563686
2024-11-19,-0.9883371743591773,3,0.5799351,0.58725077
2024-11-19,-0.9883371743591773,5,0.5948877,0.5744564
2024-11-19,-0.9883371743591773,10,0.5997234,0.59532756
2024-11-19,-0.9883371743591773,21,0.6026758,0.66055053
2024-11-20,0.9406723394207894,1,0.56576276,0.61098486
2024-11-20,0.9406723394207894,3,0.5951206,0.62480396
2024-11-20,0.9406723394207894,5,0.59988374,0.60089064
2024-11-20,0.9406723394207894,10,0.5968314,0.6413292
2024-11-20,0.9406723394207894,21,0.5965323,0.7046475
2024-11-21,0.9644759347832377,1,0.5799351,0.6317888
2024-11-21,0.9644759347832377,3,0.5948877,0.63325715
2024-11-21,0.9644759347832377,5,0.6050468,0.62140334
2024-11-21,0.9644759347832377,10,0.5834998,0.645819
2024-11-21,0.9644759347832377,21,0.58840704,0.7050908
2024-11-22,-0.018726363110044275,1,0.5951206,0.6340186
2024-11-22,-0.018726363110044275,3,0.59988374,0.633815
2024-11-22,-0.018726363110044275,5,0.60040486,0.6241738
2024-11-22,-0.018726363110044275,10,0.5910675,0.6510574
2024-11-22,-0.018726363110044275,21,0.59711194,0.69804275
2024-11-25,0.5359765957359208,1,0.5948877,0.6114267
2024-11-25,0.5359765957359208,3,0.6050468,0.6207615
2024-11-25,0.5359765957359208,5,0.59611994,0.6069053
2024-11-25,0.5359765957359208,10,0.65299076,0.6415375
2024-11-25,0.5359765957359208,21,0.598138,0.71868414
2024-11-26,0.5999622329494692,1,0.59988374,0.6528785
2024-11-26,0.5999622329494692,3,0.60040486,0.6601044
2024-11-26,0.5999622329494692,5,0.5997234,0.62638754
2024-11-26,0.5999622329494692,10,0.65149444,0.66603285
2024-11-26,0.5999622329494692,21,0.6005089,0.7217843
2024-11-27,-0.012881929086727695,1,0.6050468,0.61143047
2024-11-27,-0.012881929086727695,3,0.59611994,0.6190264
2024-11-27,-0.012881929086727695,5,0.5968314,0.59925765
2024-11-27,-0.012881929086727695,10,0.63850665,0.6287791
2024-11-27,-0.012881929086727695,21,0.598958,0.6819405
2024-11-28,0.01127177869859608,1,0.60040486,0.6109269
2024-11-28,0.01127177869859608,3,0.5997234,0.60715777
2024-11-28,0.01127177869859608,5,0.5834998,0.59956735
2024-11-28,0.01127177869859608,10,0.6069622,0.61562675
2024-11-28,0.01127177869859608,21,0.6145547,0.6718629
2024-11-29,0.6699937201642747,1,0.59611994,0.6075567
2024-11-29,0.6699937201642747,3,0.5968314,0.60650164
2024-11-29,0.6699937201642747,5,0.5910675,0.5965019
2024-11-29,0.6699937201642747,10,0.6050068,0.6036615
2024-11-29,0.6699937201642747,21,0.60703206,0.65726745
2024-12-02,0.05995994855201303,1,0.5997234,0.60325104
2024-12-02,0.05995994855201303,3,0.5834998,0.59289813
2024-12-02,0.05995994855201303,5,0.65299076,0.5991475
2024-12-02,0.05995994855201303,10,0.601718,0.6036821
2024-12-02,0.05995994855201303,21,0.6027068,0.6590886
2024-12-03,-0.11035410389661493,1,0.5968314,0.6087062
2024-12-03,-0.11035410389661493,3,0.5910675,0.5956627
2024-12-03,-0.11035410389661493,5,0.65149444,0.5860196
2024-12-03,-0.11035410389661493,10,0.6035352,0.6092035
2024-12-03,-0.11035410389661493,21,0.6035207,0.6570625
2024-12-04,-0.7565571938200399,1,0.5834998,0.54901123
2024-12-04,-0.7565571938200399,3,0.65299076,0.5441062
2024-12-04,-0.7565571938200399,5,0.63850665,0.5337588
2024-12-04,-0.7565571938200399,10,0.6026758,0.55518913
2024-12-04,-0.7565571938200399,21,0.6054787,0.5955335
2024-12-05,2.162815471498636,1,0.5910675,0.5551412
2024-12-05,2.162815471498636,3,0.65149444,0.53451955
2024-12-05,2.162815471498636,5,0.6069622,0.532394
2024-12-05,2.162815471498636,10,0.5965323,0.5597212
2024-12-05,2.162815471498636,21,0.597772,0.5990384
2024-12-06,0.20570057732500757,1,0.65299076,0.6109518
2024-12-06,0.20570057732500757,3,0.63850665,0.6030099
2024-12-06,0.20570057732500757,5,0.6050068,0.5924278
2024-12-06,0.20570057732500757,10,0.58840704,0.6164691
2024-12-06,0.20570057732500757,21,0.6145801,0.6510592
2024-12-09,0.2908829950626135,1,0.65149444,0.6055138
2024-12-09,0.2908829950626135,3,0.6069622,0.5882072
2024-12-09,0.2908829950626135,5,0.601718,0.5731846
2024-12-09,0.2908829950626135,10,0.59711194,0.6028269
2024-12-09,0.2908829950626135,21,0.6190407,0.63375086
2024-12-10,-0.1390465715735978,1,0.63850665,0.6092209
2024-12-10,-0.1390465715735978,3,0.6050068,0.61087555
2024-12-10,-0.1390465715735978,5,0.6035352,0.59381324
2024-12-10,-0.1390465715735978,10,0.598138,0.6237439
2024-12-10,-0.1390465715735978,21,0.61902964,0.67537266
2024-12-11,-0.2526635293132351,1,0.6069622,0.6005365
2024-12-11,-0.2526635293132351,3,0.601718,0.61418104
2024-12-11,-0.2526635293132351,5,0.6026758,0.5948857
2024-12-11,-0.2526635293132351,10,0.6005089,0.6340099
2024-12-11,-0.2526635293132351,21,0.6191041,0.68195003
2024-12-12,-0.11907532723380854,1,0.6050068,0.58839566
2024-12-12,-0.11907532723380854,3,0.6035352,0.59774566
2024-12-12,-0.11907532723380854,5,0.5965323,0.575356
2024-12-12,-0.11907532723380854,10,0.598958,0.6208486
2024-12-12,-0.11907532723380854,21,0.6209372,0.6853903
2024-12-13,-0.3778780109941593,1,0.601718,0.59003985
2024-12-13,-0.3778780109941593,3,0.6026758,0.5981001
2024-12-13,-0.3778780109941593,5,0.58840704,0.58491176
2024-12-13,-0.3778780109941593,10,0.6145547,0.60820144
2024-12-13,-0.3778780109941593,21,0.6343766,0.69306535
2024-12-16,0.09658165066221969,1,0.6035352,0.57960546
2024-12-16,0.09658165066221969,3,0.5965323,0.584137
2024-12-16,0.09658165066221969,5,0.59711194,0.5811294
2024-12-16,0.09658165066221969,10,0.60703206,0.5948947
2024-12-16,0.09658165066221969,21,0.63751215,0.66831255
2024-12-17,-0.16392732268295518,1,0.6026758,0.5339354
2024-12-17,-0.16392732268295518,3,0.58840704,0.5403085
2024-12-17,-0.16392732268295518,5,0.598138,0.5333271
2024-12-17,-0.16392732268295518,10,0.6027068,0.55286866
2024-12-17,-0.16392732268295518,21,0.63850814,0.6281087
2024-12-18,0.3386454267306327,1,0.5965323,0.5477235
2024-12-18,0.3386454267306327,3,0.59711194,0.55872285
2024-12-18,0.3386454267306327,5,0.6005089,0.54683745
2024-12-18,0.3386454267306327,10,0.6035207,0.5621492
2024-12-18,0.3386454267306327,21,0.6369894,0.6263369
2024-12-19,-0.8989733922349252,1,0.58840704,0.54711914
2024-12-19,-0.8989733922349252,3,0.598138,0.55127895
2024-12-19,-0.8989733922349252,5,0.598958,0.54616463
2024-12-19,-0.8989733922349252,10,0.6054787,0.5631385
2024-12-19,-0.8989733922349252,21,0.6406033,0.6492743
2024-12-20,0.22530331921224445,1,0.59711194,0.56839436
2024-12-20,0.22530331921224445,3,0.6005089,0.57586044
2024-12-20,0.22530331921224445,5,0.6145547,0.56621754
2024-12-20,0.22530331921224445,10,0.597772,0.5834109
2024-12-20,0.22530331921224445,21,0.63055354,0.6726734
2024-12-23,0.41741785668270026,1,0.598138,0.56957734
2024-12-23,0.41741785668270026,3,0.598958,0.5803179
2024-12-23,0.41741785668270026,5,0.60703206,0.56803876
2024-12-23,0.41741785668270026,10,0.6145801,0.58436173
2024-12-23,0.41741785668270026,21,0.6288045,0.6617298
2024-12-24,-0.19024071180373525,1,0.6005089,0.5634823
2024-12-24,-0.19024071180373525,3,0.6145547,0.57279176
2024-12-24,-0.19024071180373525,5,0.6027068,0.5531165
2024-12-24,-0.19024071180373525,10,0.6190407,0.5761282
2024-12-24,-0.19024071180373525,21,0.6293766,0.63013077
2024-12-25,1.079555939079757,1,0.598958,0.54099977
2024-12-25,1.079555939079757,3,0.60703206,0.53686255
2024-12-25,1.079555939079757,5,0.6035207,0.51474065
2024-12-25,1.079555939079757,10,0.61902964,0.54977643
2024-12-25,1.079555939079757,21,0.62592614,0.58683854
2024-12-26,-0.0918760444854172,1,0.6145547,0.5494809
2024-12-26,-0.0918760444854172,3,0.6027068,0.5472274
2024-12-26,-0.0918760444854172,5,0.6054787,0.52779275
2024-12-26,-0.0918760444854172,10,0.6191041,0.5587269
2024-12-26,-0.0918760444854172,21,0.65002656,0.60459894
2024-12-27,0.17817831174582466,1,0.60703206,0.5393996
2024-12-27,0.17817831174582466,3,0.6035207,0.52312565
2024-12-27,0.17817831174582466,5,0.597772,0.50915235
2024-12-27,0.17817831174582466,10,0.6209372,0.54322976
2024-12-27,0.17817831174582466,21,0.64963406,0.58787864
2024-12-30,-0.2449788439187195,1,0.6027068,0.6170883
2024-12-30,-0.2449788439187195,3,0.6054787,0.6234448
2024-12-30,-0.2449788439187195,5,0.6145801,0.61156356
2024-12-30,-0.2449788439187195,10,0.6343766,0.62481266
2024-12-30,-0.2449788439187195,21,0.65387315,0.6505984
2024-12-31,-0.4127940318851664,1,0.6035207,0.58233774
2024-12-31,-0.4127940318851664,3,0.597772,0.58436793
2024-12-31,-0.4127940318851664,5,0.6190407,0.56882554
2024-12-31,-0.4127940318851664,10,0.63751215,0.5993418
2024-12-31,-0.4127940318851664,21,0.65579647,0.6280727
2025-01-02,0.23102801928756023,1,0.6054787,0.61061174
2025-01-02,0.23102801928756023,3,0.6145801,0.62636656
2025-01-02,0.23102801928756023,5,0.61902964,0.61386627
2025-01-02,0.23102801928756023,10,0.63850814,0.63788885
2025-01-02,0.23102801928756023,21,0.6574025,0.6869003
2025-01-03,-1.197970195798792,1,0.597772,0.5963851
2025-01-03,-1.197970195798792,3,0.6190407,0.61144763
2025-01-03,-1.197970195798792,5,0.6191041,0.59335417
2025-01-03,-1.197970195798792,10,0.6369894,0.61261225
2025-01-03,-1.197970195798792,21,0.63859886,0.688333
2025-01-06,-0.6589546183834116,1,0.6145801,0.63965946
2025-01-06,-0.6589546183834116,3,0.61902964,0.656848
2025-01-06,-0.6589546183834116,5,0.6209372,0.6483919
2025-01-06,-0.6589546183834116,10,0.6406033,0.66771096
2025-01-06,-0.6589546183834116,21,0.63933784,0.75144
2025-01-07,0.048128986610684876,1,0.6190407,0.6448949
2025-01-07,0.048128986610684876,3,0.6191041,0.6597423
2025-01-07,0.048128986610684876,5,0.6343766,0.650876
2025-01-07,0.048128986610684876,10,0.63055354,0.66309714
2025-01-07,0.048128986610684876,21,0.6467256,0.7486128
2025-01-08,0.32586489041417366,1,0.61902964,0.62865776
2025-01-08,0.32586489041417366,3,0.6209372,0.63914126
2025-01-08,0.32586489041417366,5,0.63751215,0.63372093
2025-01-08,0.32586489041417366,10,0.6288045,0.63740903
2025-01-08,0.32586489041417366,21,0.64818746,0.70699984
2025-01-09,-0.4205405931117845,1,0.6191041,0.5782414
2025-01-09,-0.4205405931117845,3,0.6343766,0.5883536
2025-01-09,-0.4205405931117845,5,0.63850814,0.5790784
2025-01-09,-0.4205405931117845,10,0.6293766,0.5949928
2025-01-09,-0.4205405931117845,21,0.6456546,0.6698049
2025-01-10,-1.234947547467602,1,0.6209372,0.6246945
2025-01-10,-1.234947547467602,3,0.63751215,0.6347558
2025-01-10,-1.234947547467602,5,0.6369894,0.6200752
2025-01-10,-1.234947547467602,10,0.62592614,0.6320032
2025-01-10,-1.234947547467602,21,0.64634186,0.680713
2025-01-13,0.41928102524195765,1,0.6343766,0.6023912
2025-01-13,0.41928102524195765,3,0.63850814,0.61726564
2025-01-13,0.41928102524195765,5,0.6406033,0.6063914
2025-01-13,0.41928102524195765,10,0.65002656,0.62111205
2025-01-13,0.41928102524195765,21,0.63006395,0.6635587
2025-01-14,-0.5339361576412571,1,0.63751215,0.588062
2025-01-14,-0.5339361576412571,3,0.6369894,0.60041267
2025-01-14,-0.5339361576412571,5,0.63055354,0.5766145
2025-01-14,-0.5339361576412571,10,0.64963406,0.5924456
2025-01-14,-0.5339361576412571,21,0.61371005,0.63687104
2025-01-15,0.5768193662860632,1,0.63850814,0.61940557
2025-01-15,0.5768193662860632,3,0.6406033,0.62635493
2025-01-15,0.5768193662860632,5,0.6288045,0.60814023
2025-01-15,0.5768193662860632,10,0.65387315,0.6191912
2025-01-15,0.5768193662860632,21,0.6148311,0.65910107
2025-01-16,0.4986817083599604,1,0.6369894,0.63108
2025-01-16,0.4986817083599604,3,0.63055354,0.63093734
2025-01-16,0.4986817083599604,5,0.6293766,0.61041194
2025-01-16,0.4986817083599604,10,0.65579647,0.62983626
2025-01-16,0.4986817083599604,21,0.6057489,0.65131444
2025-01-17,0.5418501137945064,1,0.6406033,0.6096615
2025-01-17,0.5418501137945064,3,0.6288045,0.60359216
2025-01-17,0.5418501137945064,5,0.62592614,0.58581537
2025-01-17,0.5418501137945064,10,0.6574025,0.60229015
2025-01-17,0.5418501137945064,21,0.59687775,0.6200785
2025-01-20,0.035218877682297034,1,0.63055354,0.6095078
2025-01-20,0.035218877682297034,3,0.6293766,0.5954022
2025-01-20,0.035218877682297034,5,0.65002656,0.59406275
2025-01-20,0.035218877682297034,10,0.63859886,0.5982543
2025-01-20,0.035218877682297034,21,0.5867929,0.6089743
2025-01-21,-0.2772837602288192,1,0.6288045,0.5893343
2025-01-21,-0.2772837602288192,3,0.62592614,0.5702824
2025-01-21,-0.2772837602288192,5,0.64963406,0.5607212
2025-01-21,-0.2772837602288192,10,0.63933784,0.57180256
2025-01-21,-0.2772837602288192,21,0.5902188,0.5901812
2025-01-22,-0.2861025329985445,1,0.6293766,0.63229364
2025-01-22,-0.2861025329985445,3,0.65002656,0.6257128
2025-01-22,-0.2861025329985445,5,0.65387315,0.60737485
2025-01-22,-0.2861025329985445,10,0.6467256,0.6183601
2025-01-22,-0.2861025329985445,21,0.588053,0.63361
2025-01-23,1.3668403479519142,1,0.62592614,0.624812
2025-01-23,1.3668403479519142,3,0.64963406,0.6256508
2025-01-23,1.3668403479519142,5,0.65579647,0.6193344
2025-01-23,1.3668403479519142,10,0.64818746,0.640101
2025-01-23,1.3668403479519142,21,0.58442324,0.6901612
2025-01-24,0.4293620044165003,1,0.65002656,0.6147383
2025-01-24,0.4293620044165003,3,0.65387315,0.6209082
2025-01-24,0.4293620044165003,5,0.6574025,0.60158354
2025-01-24,0.4293620044165003,10,0.6456546,0.612531
2025-01-24,0.4293620044165003,21,0.5854733,0.628114
2025-02-03,-0.9547028924841605,1,0.64963406,0.65373564
2025-02-03,-0.9547028924841605,3,0.65579647,0.6503647
2025-02-03,-0.9547028924841605,5,0.63859886,0.6452175
2025-02-03,-0.9547028924841605,10,0.64634186,0.65073514
2025-02-03,-0.9547028924841605,21,0.586443,0.6696656
2025-02-04,0.9254507586486049,1,0.65387315,0.6908634
2025-02-04,0.9254507586486049,3,0.6574025,0.69161147
2025-02-04,0.9254507586486049,5,0.63933784,0.6728774
2025-02-04,0.9254507586486049,10,0.63006395,0.6870482
2025-02-04,0.9254507586486049,21,0.5822092,0.7393159
2025-02-05,0.3890640943868817,1,0.65579647,0.6235451
2025-02-05,0.3890640943868817,3,0.63859886,0.621725
2025-02-05,0.3890640943868817,5,0.6467256,0.6202311
2025-02-05,0.3890640943868817,10,0.61371005,0.6088922
2025-02-05,0.3890640943868817,21,0.5823971,0.6882221
2025-02-06,0.14718096073496056,1,0.6574025,0.6256593
2025-02-06,0.14718096073496056,3,0.63933784,0.6322395
2025-02-06,0.14718096073496056,5,0.64818746,0.62159497
2025-02-06,0.14718096073496056,10,0.6148311,0.61387604
2025-02-06,0.14718096073496056,21,0.58748215,0.6851161
2025-02-07,0.2921452750887177,1,0.63859886,0.5863678
2025-02-07,0.2921452750887177,3,0.6467256,0.6008189
2025-02-07,0.2921452750887177,5,0.6456546,0.5899734
2025-02-07,0.2921452750887177,10,0.6057489,0.5736253
2025-02-07,0.2921452750887177,21,0.59002566,0.62946266
2025-02-10,-0.9407347805812982,1,0.63933784,0.5844451
2025-02-10,-0.9407347805812982,3,0.64818746,0.58681285
2025-02-10,-0.9407347805812982,5,0.64634186,0.5809756
2025-02-10,-0.9407347805812982,10,0.59687775,0.58295876
2025-02-10,-0.9407347805812982,21,0.52975124,0.6311775
2025-02-11,0.41000013985232897,1,0.6467256,0.57295966
2025-02-11,0.41000013985232897,3,0.6456546,0.5841694
2025-02-11,0.41000013985232897,5,0.63006395,0.58223057
2025-02-11,0.41000013985232897,10,0.5867929,0.57425886
2025-02-11,0.41000013985232897,21,0.5304105,0.62423974
2025-02-12,-0.12148177689894624,1,0.64818746,0.54828274
2025-02-12,-0.12148177689894624,3,0.64634186,0.5432691
2025-02-12,-0.12148177689894624,5,0.61371005,0.5304953
2025-02-12,-0.12148177689894624,10,0.5902188,0.52484035
2025-02-12,-0.12148177689894624,21,0.5298232,0.56234473
2025-02-13,0.271158817604622,1,0.6456546,0.5653885
2025-02-13,0.271158817604622,3,0.63006395,0.56165105
2025-02-13,0.271158817604622,5,0.6148311,0.55100566
2025-02-13,0.271158817604622,10,0.588053,0.55077976
2025-02-13,0.271158817604622,21,0.5291479,0.59033805
2025-02-14,0.45004258284748744,1,0.64634186,0.5831295
2025-02-14,0.45004258284748744,3,0.61371005,0.5820383
2025-02-14,0.45004258284748744,5,0.6057489,0.5555331
2025-02-14,0.45004258284748744,10,0.58442324,0.55637324
2025-02-14,0.45004258284748744,21,0.534876,0.5861004
2025-02-17,-0.26365363672082864,1,0.63006395,0.5723663
2025-02-17,-0.26365363672082864,3,0.6148311,0.5658909
2025-02-17,-0.26365363672082864,5,0.59687775,0.5431554
2025-02-17,-0.26365363672082864,10,0.5854733,0.5571571
2025-02-17,-0.26365363672082864,21,0.53440017,0.57437134
2025-02-18,0.42495536066367023,1,0.61371005,0.5764504
2025-02-18,0.42495536066367023,3,0.6057489,0.564387
2025-02-18,0.42495536066367023,5,0.5867929,0.54107976
2025-02-18,0.42495536066367023,10,0.586443,0.5600537
2025-02-18,0.42495536066367023,21,0.53813744,0.56047493
2025-02-19,0.8119419678802586,1,0.6148311,0.5355599
2025-02-19,0.8119419678802586,3,0.59687775,0.51512533
2025-02-19,0.8119419678802586,5,0.5902188,0.49802655
2025-02-19,0.8119419678802586,10,0.5822092,0.5161005
2025-02-19,0.8119419678802586,21,0.54179853,0.5335329
2025-02-20,0.3424315965705027,1,0.6057489,0.5747223
2025-02-20,0.3424315965705027,3,0.5867929,0.5758026
2025-02-20,0.3424315965705027,5,0.588053,0.56347936
2025-02-20,0.3424315965705027,10,0.5823971,0.56965274
2025-02-20,0.3424315965705027,21,0.54568535,0.5905189
2025-02-21,0.2911502483380346,1,0.59687775,0.59917367
2025-02-21,0.2911502483380346,3,0.5902188,0.58706266
2025-02-21,0.2911502483380346,5,0.58442324,0.59288955
2025-02-21,0.2911502483380346,10,0.58748215,0.6172365
2025-02-21,0.2911502483380346,21,0.54490685,0.6608294
2025-02-24,0.6004684921512293,1,0.5867929,0.5399928
2025-02-24,0.6004684921512293,3,0.588053,0.546552
2025-02-24,0.6004684921512293,5,0.5854733,0.534242
2025-02-24,0.6004684921512293,10,0.59002566,0.54842395
2025-02-24,0.6004684921512293,21,0.5308967,0.5966304
2025-02-25,-0.10737350133487311,1,0.5902188,0.5992115
2025-02-25,-0.10737350133487311,3,0.58442324,0.59172845
2025-02-25,-0.10737350133487311,5,0.586443,0.5929243
2025-02-25,-0.10737350133487311,10,0.52975124,0.60996175
2025-02-25,-0.10737350133487311,21,0.53527343,0.66345507
2025-02-26,-0.015348487436739333,1,0.588053,0.5443417
2025-02-26,-0.015348487436739333,3,0.5854733,0.5311433
2025-02-26,-0.015348487436739333,5,0.5822092,0.5241921
2025-02-26,-0.015348487436739333,10,0.5304105,0.53525454
2025-02-26,-0.015348487436739333,21,0.5336286,0.5595755
2025-02-27,0.37077368618705364,1,0.58442324,0.51414406
2025-02-27,0.37077368618705364,3,0.586443,0.50677353
2025-02-27,0.37077368618705364,5,0.5823971,0.52034235
2025-02-27,0.37077368618705364,10,0.5298232,0.51779085
2025-02-27,0.37077368618705364,21,0.53673303,0.6139738
2025-02-28,-0.1867471344360716,1,0.5854733,0.5306109
2025-02-28,-0.1867471344360716,3,0.5822092,0.52494186
2025-02-28,-0.1867471344360716,5,0.58748215,0.5114515
2025-02-28,-0.1867471344360716,10,0.5291479,0.52046716
2025-02-28,-0.1867471344360716,21,0.52177745,0.5932459
2025-03-03,0.30672407046443695,1,0.586443,0.5206856
2025-03-03,0.30672407046443695,3,0.5823971,0.519553
2025-03-03,0.30672407046443695,5,0.59002566,0.5067787
2025-03-03,0.30672407046443695,10,0.534876,0.5093202
2025-03-03,0.30672407046443695,21,0.52607065,0.5498284
2025-03-04,0.1937985102679285,1,0.5822092,0.5192368
2025-03-04,0.1937985102679285,3,0.58748215,0.49746343
2025-03-04,0.1937985102679285,5,0.52975124,0.49300745
2025-03-04,0.1937985102679285,10,0.53440017,0.50828665
2025-03-04,0.1937985102679285,21,0.537321,0.5454245
2025-03-05,-0.5503296750584141,1,0.5823971,0.51234645
2025-03-05,-0.5503296750584141,3,0.59002566,0.5124915
2025-03-05,-0.5503296750584141,5,0.5304105,0.4891018
2025-03-05,-0.5503296750584141,10,0.53813744,0.5018221
2025-03-05,-0.5503296750584141,21,0.54461014,0.5349192
2025-03-06,1.0301547868489358,1,0.58748215,0.52906936
2025-03-06,1.0301547868489358,3,0.52975124,0.5148328
2025-03-06,1.0301547868489358,5,0.5298232,0.49190035
2025-03-06,1.0301547868489358,10,0.54179853,0.5059268
2025-03-06,1.0301547868489358,21,0.5411574,0.56871206
2025-03-07,0.5922256717506791,1,0.59002566,0.5094147
2025-03-07,0.5922256717506791,3,0.5304105,0.49206105
2025-03-07,0.5922256717506791,5,0.5291479,0.48167512
2025-03-07,0.5922256717506791,10,0.54568535,0.4943643
2025-03-07,0.5922256717506791,21,1.043708,0.56015915
2025-03-10,0.31848479484830605,1,0.52975124,0.5482977
2025-03-10,0.31848479484830605,3,0.5298232,0.5489462
2025-03-10,0.31848479484830605,5,0.534876,0.5551876
2025-03-10,0.31848479484830605,10,0.54490685,0.5586061
2025-03-10,0.31848479484830605,21,1.0515903,0.62780815
2025-03-11,0.16974489771373058,1,0.5304105,0.5109849
2025-03-11,0.16974489771373058,3,0.5291479,0.5158605
2025-03-11,0.16974489771373058,5,0.53440017,0.5068645
2025-03-11,0.16974489771373058,10,0.5308967,0.5166053
2025-03-11,0.16974489771373058,21,1.3467021,0.56122637
2025-03-12,0.14023512300269658,1,0.5298232,0.5089984
2025-03-12,0.14023512300269658,3,0.534876,0.5091773
2025-03-12,0.14023512300269658,5,0.53813744,0.49475017
2025-03-12,0.14023512300269658,10,0.53527343,0.5098613
2025-03-12,0.14023512300269658,21,1.4109282,0.537179
2025-03-13,-0.6118755653607977,1,0.5291479,0.5188173
2025-03-13,-0.6118755653607977,3,0.53440017,0.5101267
2025-03-13,-0.6118755653607977,5,0.54179853,0.49702826
2025-03-13,-0.6118755653607977,10,0.5336286,0.505234
2025-03-13,-0.6118755653607977,21,1.6545987,0.5257235
2025-03-14,-0.00904834076669303,1,0.534876,0.49301207
2025-03-14,-0.00904834076669303,3,0.53813744,0.49265683
2025-03-14,-0.00904834076669303,5,0.54568535,0.47582316
2025-03-14,-0.00904834076669303,10,0.53673303,0.4732935
2025-03-14,-0.00904834076669303,21,1.7574064,0.48205996
2025-03-17,0.7594659420889549,1,0.53440017,0.48017648
2025-03-17,0.7594659420889549,3,0.54179853,0.46856567
2025-03-17,0.7594659420889549,5,0.54490685,0.46262407
2025-03-17,0.7594659420889549,10,0.52177745,0.46218887
2025-03-17,0.7594659420889549,21,1.761645,0.49179927
2025-03-18,-0.3966667243745725,1,0.53813744,0.5146414
2025-03-18,-0.3966667243745725,3,0.54568535,0.5087869
2025-03-18,-0.3966667243745725,5,0.5308967,0.485002
2025-03-18,-0.3966667243745725,10,0.52607065,0.4904653
2025-03-18,-0.3966667243745725,21,1.7666187,0.48460302
2025-03-19,-0.47748245559873226,1,0.54179853,0.5293753
2025-03-19,-0.47748245559873226,3,0.54490685,0.5228104
2025-03-19,-0.47748245559873226,5,0.53527343,0.4979222
2025-03-19,-0.47748245559873226,10,0.537321,0.5067098
2025-03-19,-0.47748245559873226,21,1.774811,0.50109136
2025-03-20,-0.052858913243358785,1,0.54568535,0.520217
2025-03-20,-0.052858913243358785,3,0.5308967,0.51104283
2025-03-20,-0.052858913243358785,5,0.5336286,0.49972847
2025-03-20,-0.052858913243358785,10,0.54461014,0.5212667
2025-03-20,-0.052858913243358785,21,1.7747872,0.5203355
2025-03-21,-0.15496202752469657,1,0.54490685,0.5061589
2025-03-21,-0.15496202752469657,3,0.53527343,0.5049188
2025-03-21,-0.15496202752469657,5,0.53673303,0.4913282
2025-03-21,-0.15496202752469657,10,0.5411574,0.5002584
2025-03-21,-0.15496202752469657,21,1.773637,0.5251289
2025-03-24,0.6364549046259604,1,0.5308967,0.5251775
2025-03-24,0.6364549046259604,3,0.5336286,0.50915325
2025-03-24,0.6364549046259604,5,0.52177745,0.503113
2025-03-24,0.6364549046259604,10,1.043708,0.51554066
2025-03-24,0.6364549046259604,21,1.7762531,0.5439525
2025-03-25,0.12019954569382207,1,0.53527343,0.52799195
2025-03-25,0.12019954569382207,3,0.53673303,0.5234245
2025-03-25,0.12019954569382207,5,0.52607065,0.50645655
2025-03-25,0.12019954569382207,10,1.0515903,0.50883734
2025-03-25,0.12019954569382207,21,1.7789334,0.5288355
2025-03-26,-0.4386747490910281,1,0.5336286,0.51991343
2025-03-26,-0.4386747490910281,3,0.52177745,0.51652956
2025-03-26,-0.4386747490910281,5,0.537321,0.5170307
2025-03-26,-0.4386747490910281,10,1.3467021,0.50857425
2025-03-26,-0.4386747490910281,21,1.785574,0.54254895
2025-03-27,-0.17208200782157235,1,0.53673303,0.5243291
2025-03-27,-0.17208200782157235,3,0.52607065,0.52354395
2025-03-27,-0.17208200782157235,5,0.54461014,0.5074222
2025-03-27,-0.17208200782157235,10,1.4109282,0.52473706
2025-03-27,-0.17208200782157235,21,1.7904365,0.53318226
2025-03-28,-0.4808302244152962,1,0.52177745,0.48597685
2025-03-28,-0.4808302244152962,3,0.537321,0.48416024
2025-03-28,-0.4808302244152962,5,0.5411574,0.46055084
2025-03-28,-0.4808302244152962,10,1.6545987,0.48576716
2025-03-28,-0.4808302244152962,21,1.7825184,0.4779308
2025-03-31,-0.8078327068126612,1,0.52607065,0.5243734
2025-03-31,-0.8078327068126612,3,0.54461014,0.51157796
2025-03-31,-0.8078327068126612,5,1.043708,0.49008825
2025-03-31,-0.8078327068126612,10,1.7574064,0.5093171
2025-03-31,-0.8078327068126612,21,1.7815698,0.5037167
2025-04-01,0.79796474768834,1,0.537321,0.5000464
2025-04-01,0.79796474768834,3,0.5411574,0.5043161
2025-04-01,0.79796474768834,5,1.0515903,0.47530916
2025-04-01,0.79796474768834,10,1.761645,0.48774514
2025-04-01,0.79796474768834,21,1.7776824,0.4836149
2025-04-02,0.037948360327266784,1,0.54461014,0.515546
2025-04-02,0.037948360327266784,3,1.043708,0.5111253
2025-04-02,0.037948360327266784,5,1.3467021,0.4923099
2025-04-02,0.037948360327266784,10,1.7666187,0.5109574
2025-04-02,0.037948360327266784,21,1.7795558,0.53732663
2025-04-03,-6.910236483100363,1,0.5411574,0.5058367
2025-04-03,-6.910236483100363,3,1.0515903,0.5022381
2025-04-03,-6.910236483100363,5,1.4109282,0.4800264
2025-04-03,-6.910236483100363,10,1.774811,0.4882375
2025-04-03,-6.910236483100363,21,1.7788798,0.4897071
2025-04-04,-1.5710154251094899,1,1.043708,0.87864655
2025-04-04,-1.5710154251094899,3,1.3467021,0.8952871
2025-04-04,-1.5710154251094899,5,1.6545987,0.901923
2025-04-04,-1.5710154251094899,10,1.7747872,0.8871538
2025-04-04,-1.5710154251094899,21,1.7810756,0.86840475
2025-04-08,-6.6490309136374215,1,1.0515903,0.7054152
2025-04-08,-6.6490309136374215,3,1.4109282,0.72509396
2025-04-08,-6.6490309136374215,5,1.7574064,0.71127874
2025-04-08,-6.6490309136374215,10,1.773637,0.7075839
2025-04-08,-6.6490309136374215,21,1.7919725,0.72130704
2025-04-09,-3.456872679247791,1,1.3467021,0.93768114
2025-04-09,-3.456872679247791,3,1.6545987,0.94845265
2025-04-09,-3.456872679247791,5,1.761645,0.96051645
2025-04-09,-3.456872679247791,10,1.7762531,0.9478186
2025-04-09,-3.456872679247791,21,1.7880393,0.9149489
2025-04-10,6.546904849399837,1,1.4109282,0.93638474
2025-04-10,6.546904849399837,3,1.7574064,0.9309227
2025-04-10,6.546904849399837,5,1.7666187,0.9386332
2025-04-10,6.546904849399837,10,1.7789334,0.948011
2025-04-10,6.546904849399837,21,1.7944474,0.90028447
2025-04-11,4.528128405892584,1,1.6545987,0.98214847
2025-04-11,4.528128405892584,3,1.761645,0.99685496
2025-04-11,4.528128405892584,5,1.774811,0.9950049
2025-04-11,4.528128405892584,10,1.785574,1.0050049
2025-04-11,4.528128405892584,21,1.797043,0.9894701
2025-04-14,1.5406774168318371,1,1.7574064,1.0664787
2025-04-14,1.5406774168318371,3,1.7666187,1.073389
2025-04-14,1.5406774168318371,5,1.7747872,1.0792089
2025-04-14,1.5406774168318371,10,1.7904365,1.0840615
2025-04-14,1.5406774168318371,21,1.8035743,1.1203262
2025-04-15,-1.10561908343767,1,1.761645,0.96669006
2025-04-15,-1.10561908343767,3,1.774811,0.9517658
2025-04-15,-1.10561908343767,5,1.773637,0.9653833
2025-04-15,-1.10561908343767,10,1.7825184,0.9585133
2025-04-15,-1.10561908343767,21,1.8030465,0.9180591
2025-04-16,-1.434754256670434,1,1.7666187,0.9035754
2025-04-16,-1.434754256670434,3,1.7747872,0.8836159
2025-04-16,-1.434754256670434,5,1.7762531,0.88274634
2025-04-16,-1.434754256670434,10,1.7815698,0.8835457
2025-04-16,-1.434754256670434,21,1.8067445,0.8489262
2025-04-17,0.5725953318251875,1,1.774811,0.905021
2025-04-17,0.5725953318251875,3,1.773637,0.8790015
2025-04-17,0.5725953318251875,5,1.7789334,0.87789434
2025-04-17,0.5725953318251875,10,1.7776824,0.8758399
2025-04-17,0.5725953318251875,21,1.8068513,0.8220611
2025-04-18,0.15350709187949008,1,1.7747872,0.90247697
2025-04-18,0.15350709187949008,3,1.7762531,0.88054186
2025-04-18,0.15350709187949008,5,1.785574,0.87812835
2025-04-18,0.15350709187949008,10,1.7795558,0.8955136
2025-04-18,0.15350709187949008,21,1.8132542,0.82022935
2025-04-21,-0.993335153672259,1,1.773637,1.0019147
2025-04-21,-0.993335153672259,3,1.7789334,0.9706939
2025-04-21,-0.993335153672259,5,1.7904365,0.98144585
2025-04-21,-0.993335153672259,10,1.7788798,0.96909636
2025-04-21,-0.993335153672259,21,1.8142781,0.9089731
2025-04-22,-0.8268909938541569,1,1.7762531,0.92715526
2025-04-22,-0.8268909938541569,3,1.785574,0.9064064
2025-04-22,-0.8268909938541569,5,1.7825184,0.89309174
2025-04-22,-0.8268909938541569,10,1.7810756,0.89519346
2025-04-22,-0.8268909938541569,21,1.8164023,0.8086332
2025-04-23,1.151943904675079,1,1.7789334,0.884158
2025-04-23,1.151943904675079,3,1.7904365,0.8513399
2025-04-23,1.151943904675079,5,1.7815698,0.8444224
2025-04-23,1.151943904675079,10,1.7919725,0.8449336
2025-04-23,1.151943904675079,21,1.8148451,0.770078
2025-04-24,1.0146532712810519,1,1.785574,0.9082238
2025-04-24,1.0146532712810519,3,1.7825184,0.8855093
2025-04-24,1.0146532712810519,5,1.7776824,0.86045355
2025-04-24,1.0146532712810519,10,1.7880393,0.88263375
2025-04-24,1.0146532712810519,21,1.822979,0.81807274
2025-04-25,0.4794959810403121,1,1.7904365,0.84860224
2025-04-25,0.4794959810403121,3,1.7815698,0.8255475
2025-04-25,0.4794959810403121,5,1.7795558,0.80386466
2025-04-25,0.4794959810403121,10,1.7944474,0.81336373
2025-04-25,0.4794959810403121,21,1.8241274,0.7421765
2025-04-28,-0.19788038362094085,1,1.7825184,0.8199682
2025-04-28,-0.19788038362094085,3,1.7776824,0.7868509
2025-04-28,-0.19788038362094085,5,1.7788798,0.77671254
2025-04-28,-0.19788038362094085,10,1.797043,0.77975684
2025-04-28,-0.19788038362094085,21,1.8236958,0.70907974
2025-04-29,-0.04076474721159684,1,1.7815698,1.1412742
2025-04-29,-0.04076474721159684,3,1.7795558,1.1366382
2025-04-29,-0.04076474721159684,5,1.7810756,1.1227634
2025-04-29,-0.04076474721159684,10,1.8035743,1.1090498
2025-04-29,-0.04076474721159684,21,1.8234609,0.99422365
2025-05-05,1.115019559881425,1,1.7776824,0.89858073
2025-05-05,1.115019559881425,3,1.7788798,0.9055856
2025-05-05,1.115019559881425,5,1.7919725,0.8791038
2025-05-05,1.115019559881425,10,1.8030465,0.8898381
2025-05-05,1.115019559881425,21,1.825565,0.807614
2025-05-06,0.15310236673151678,1,1.7795558,1.2401996
2025-05-06,0.15310236673151678,3,1.7810756,1.2545345
2025-05-06,0.15310236673151678,5,1.7880393,1.2551955
2025-05-06,0.15310236673151678,10,1.8067445,1.2585244
2025-05-06,0.15310236673151678,21,1.8257215,1.1773931
2025-05-07,0.6756782462880473,1,1.7788798,1.08533
2025-05-07,0.6756782462880473,3,1.7919725,1.0821698
2025-05-07,0.6756782462880473,5,1.7944474,1.0776333
2025-05-07,0.6756782462880473,10,1.8068513,1.0768548
2025-05-07,0.6756782462880473,21,1.8268538,1.0368439
2025-05-08,1.541990023935913,1,1.7810756,1.0640981
2025-05-08,1.541990023935913,3,1.7880393,1.0720354
2025-05-08,1.541990023935913,5,1.797043,1.071187
2025-05-08,1.541990023935913,10,1.8132542,1.0705326
2025-05-08,1.541990023935913,21,1.8225232,1.0763224
2025-05-09,-0.19707546483305194,1,1.7919725,1.2030189
2025-05-09,-0.19707546483305194,3,1.7944474,1.2103521
2025-05-09,-0.19707546483305194,5,1.8035743,1.2138412
2025-05-09,-0.19707546483305194,10,1.8142781,1.1940721
2025-05-09,-0.19707546483305194,21,1.8214716,1.236141
2025-05-12,1.2515062035843627,1,1.7880393,1.0795305
2025-05-12,1.2515062035843627,3,1.797043,1.0668819
2025-05-12,1.2515062035843627,5,1.8030465,1.0747757
2025-05-12,1.2515062035843627,10,1.8164023,1.0611401
2025-05-12,1.2515062035843627,21,1.8249296,1.0143449
2025-05-13,0.7893889300324197,1,1.7944474,1.0398064
2025-05-13,0.7893889300324197,3,1.8035743,1.0100328
2025-05-13,0.7893889300324197,5,1.8067445,1.0115906
2025-05-13,0.7893889300324197,10,1.8148451,1.0233744
2025-05-13,0.7893889300324197,21,1.8343427,0.9570878
2025-05-14,1.2523404657842185,1,1.797043,1.0595288
2025-05-14,1.2523404657842185,3,1.8030465,1.017171
2025-05-14,1.2523404657842185,5,1.8068513,1.0102804
2025-05-14,1.2523404657842185,10,1.822979,1.0081009
2025-05-14,1.2523404657842185,21,1.8351636,0.96921957
2025-05-15,0.2645897545408893,1,1.8035743,1.0234313
2025-05-15,0.2645897545408893,3,1.8067445,0.97756267
2025-05-15,0.2645897545408893,5,1.8132542,0.94745684
2025-05-15,0.2645897545408893,10,1.8241274,0.95798546
2025-05-15,0.2645897545408893,21,1.83358,0.84896815
2025-05-16,-0.903398262865629,1,1.8030465,1.1319861
2025-05-16,-0.903398262865629,3,1.8068513,1.0956888
2025-05-16,-0.903398262865629,5,1.8142781,1.093668
2025-05-16,-0.903398262865629,10,1.8236958,1.0912067
2025-05-16,-0.903398262865629,21,1.8352128,1.0167304
2025-05-19,-0.39265856862122916,1,1.8067445,1.1106722
2025-05-19,-0.39265856862122916,3,1.8132542,1.0806873
2025-05-19,-0.39265856862122916,5,1.8164023,1.0701325
2025-05-19,-0.39265856862122916,10,1.8234609,1.0532589
2025-05-19,-0.39265856862122916,21,1.8338795,0.96652967
2025-05-20,1.4444389235050537,1,1.8068513,1.0429524
2025-05-20,1.4444389235050537,3,1.8142781,1.0091552
2025-05-20,1.4444389235050537,5,1.8148451,0.98496395
2025-05-20,1.4444389235050537,10,1.825565,0.9857428
2025-05-20,1.4444389235050537,21,1.8464935,0.858871
2025-05-21,0.5988949748138239,1,1.8132542,1.0762975
2025-05-21,0.5988949748138239,3,1.8164023,1.0726627
2025-05-21,0.5988949748138239,5,1.822979,1.0463626
2025-05-21,0.5988949748138239,10,1.8257215,1.0651828
2025-05-21,0.5988949748138239,21,1.8475585,0.9858784
2025-05-22,-0.6985530266452322,1,1.8142781,0.9995582
2025-05-22,-0.6985530266452322,3,1.8148451,0.9803527
2025-05-22,-0.6985530266452322,5,1.8241274,0.9251693
2025-05-22,-0.6985530266452322,10,1.8268538,0.91429144
2025-05-22,-0.6985530266452322,21,1.8475671,0.7668398
2025-05-23,0.04717878564095557,1,1.8164023,0.9917494
2025-05-23,0.04717878564095557,3,1.822979,0.9758119
2025-05-23,0.04717878564095557,5,1.8236958,0.9530025
2025-05-23,0.04717878564095557,10,1.8225232,0.95345396
2025-05-23,0.04717878564095557,21,1.8479695,0.8440199
2025-05-26,1.363844681655646,1,1.8148451,1.4145403
2025-05-26,1.363844681655646,3,1.8241274,1.4220924
2025-05-26,1.363844681655646,5,1.8234609,1.397033
2025-05-26,1.363844681655646,10,1.8214716,1.3489716
2025-05-26,1.363844681655646,21,1.8465521,1.2218056
2025-05-27,0.5463431144608677,1,1.822979,1.2480309
2025-05-27,0.5463431144608677,3,1.8236958,1.2659047
2025-05-27,0.5463431144608677,5,1.825565,1.2262025
2025-05-27,0.5463431144608677,10,1.8249296,1.205412
2025-05-27,0.5463431144608677,21,1.8482711,1.0718689
2025-05-28,0.15363506497401147,1,1.8241274,1.5786273
2025-05-28,0.15363506497401147,3,1.8234609,1.5916033
2025-05-28,0.15363506497401147,5,1.8257215,1.5938711
2025-05-28,0.15363506497401147,10,1.8343427,1.5751858
2025-05-28,0.15363506497401147,21,1.848796,1.41909
2025-05-29,-0.000745231450238748,1,1.8236958,1.4282556
2025-05-29,-0.000745231450238748,3,1.825565,1.4259448
2025-05-29,-0.000745231450238748,5,1.8268538,1.4153655
2025-05-29,-0.000745231450238748,10,1.8351636,1.4095225
2025-05-29,-0.000745231450238748,21,1.8485829,1.2831848
2025-05-30,-0.6924790053680852,1,1.8234609,1.3707254
2025-05-30,-0.6924790053680852,3,1.8257215,1.3828449
2025-05-30,-0.6924790053680852,5,1.8225232,1.3758289
2025-05-30,-0.6924790053680852,10,1.83358,1.3647985
2025-05-30,-0.6924790053680852,21,1.8473635,1.2857045
2025-06-02,0.2772679658578525,1,1.825565,1.3911929
2025-06-02,0.2772679658578525,3,1.8268538,1.3954097
2025-06-02,0.2772679658578525,5,1.8214716,1.3735853
2025-06-02,0.2772679658578525,10,1.8352128,1.3429997
2025-06-02,0.2772679658578525,21,1.8444412,1.3068275
2025-06-03,0.8160877026590185,1,1.8257215,1.3997624
2025-06-03,0.8160877026590185,3,1.8225232,1.3704162
2025-06-03,0.8160877026590185,5,1.8249296,1.3486643
2025-06-03,0.8160877026590185,10,1.8338795,1.2929999
2025-06-03,0.8160877026590185,21,1.8423953,1.2152303
2025-06-04,-0.11214302008166754,1,1.8268538,1.3625033
2025-06-04,-0.11214302008166754,3,1.8214716,1.3057988
2025-06-04,-0.11214302008166754,5,1.8343427,1.2734054
2025-06-04,-0.11214302008166754,10,1.8464935,1.230694
2025-06-04,-0.11214302008166754,21,1.8424033,1.058183
2025-06-05,-0.2715947246399786,1,1.8225232,1.2179868
2025-06-05,-0.2715947246399786,3,1.8249296,1.1793911
2025-06-05,-0.2715947246399786,5,1.8351636,1.1532685
2025-06-05,-0.2715947246399786,10,1.8475585,1.0924126
2025-06-05,-0.2715947246399786,21,1.6028297,0.99343836
2025-06-06,-0.9131868337900251,1,1.8214716,1.2492142
2025-06-06,-0.9131868337900251,3,1.8343427,1.1934974
2025-06-06,-0.9131868337900251,5,1.83358,1.1600828
2025-06-06,-0.9131868337900251,10,1.8475671,1.1025957
2025-06-06,-0.9131868337900251,21,1.587107,0.96585256
2025-06-09,-1.4634074964340549,1,1.8249296,1.3414505
2025-06-09,-1.4634074964340549,3,1.8351636,1.2833643
2025-06-09,-1.4634074964340549,5,1.8352128,1.2491152
2025-06-09,-1.4634074964340549,10,1.8479695,1.1883404
2025-06-09,-1.4634074964340549,21,1.3111328,1.0475148
2025-06-10,0.430943258673544,1,1.8343427,1.3334172
2025-06-10,0.430943258673544,3,1.83358,1.3070809
2025-06-10,0.430943258673544,5,1.8338795,1.26103
2025-06-10,0.430943258673544,10,1.8465521,1.184977
2025-06-10,0.430943258673544,21,1.2176405,0.9915399
2025-06-11,-0.0782844348968581,1,1.8351636,1.2747896
2025-06-11,-0.0782844348968581,3,1.8352128,1.2308494
2025-06-11,-0.0782844348968581,5,1.8464935,1.1792923
2025-06-11,-0.0782844348968581,10,1.8482711,1.158463
2025-06-11,-0.0782844348968581,21,0.92287976,0.99371535
2025-06-12,0.5905581205486676,1,1.83358,1.3689256
2025-06-12,0.5905581205486676,3,1.8338795,1.3354347
2025-06-12,0.5905581205486676,5,1.8475585,1.2791139
2025-06-12,0.5905581205486676,10,1.848796,1.2539735
2025-06-12,0.5905581205486676,21,0.7508795,1.0995154
2025-06-13,-0.5685106728315681,1,1.8352128,1.4171724
2025-06-13,-0.5685106728315681,3,1.8464935,1.3769009
2025-06-13,-0.5685106728315681,5,1.8475671,1.2945213
2025-06-13,-0.5685106728315681,10,1.8485829,1.2431753
2025-06-13,-0.5685106728315681,21,0.7385597,0.9482445
2025-06-16,1.7048950786945127,1,1.8338795,1.3951108
2025-06-16,1.7048950786945127,3,1.8475585,1.3598385
2025-06-16,1.7048950786945127,5,1.8479695,1.3064425
2025-06-16,1.7048950786945127,10,1.8473635,1.2663988
2025-06-16,1.7048950786945127,21,0.7205913,1.0202751
2025-06-17,0.7133845132581307,1,1.8464935,1.6052442
2025-06-17,0.7133845132581307,3,1.8475671,1.5742527
2025-06-17,0.7133845132581307,5,1.8465521,1.5242969
2025-06-17,0.7133845132581307,10,1.8444412,1.3866663
2025-06-17,0.7133845132581307,21,0.6884794,1.0407146
2025-06-18,-0.0638332637502792,1,1.8475585,1.5854704
2025-06-18,-0.0638332637502792,3,1.8479695,1.5621989
2025-06-18,-0.0638332637502792,5,1.8482711,1.4931252
2025-06-18,-0.0638332637502792,10,1.8423953,1.3471687
2025-06-18,-0.0638332637502792,21,0.69923043,0.9849166
2025-06-19,0.3860879902965131,1,1.8475671,1.6790464
2025-06-19,0.3860879902965131,3,1.8465521,1.6444284
2025-06-19,0.3860879902965131,5,1.848796,1.5987822
2025-06-19,0.3860879902965131,10,1.8424033,1.405154
2025-06-19,0.3860879902965131,21,0.70472914,0.92325145
2025-06-20,-0.199156796251021,1,1.8479695,1.5478456
2025-06-20,-0.199156796251021,3,1.8482711,1.5096365
2025-06-20,-0.199156796251021,5,1.8485829,1.4583819
2025-06-20,-0.199156796251021,10,1.6028297,1.3009498
2025-06-20,-0.199156796251021,21,0.6886316,0.9780842
2025-06-23,0.652257319789129,1,1.8465521,1.7109735
2025-06-23,0.652257319789129,3,1.848796,1.6802216
2025-06-23,0.652257319789129,5,1.8473635,1.667019
2025-06-23,0.652257319789129,10,1.587107,1.4240317
2025-06-23,0.652257319789129,21,0.6715045,1.1016504
2025-06-24,0.6304723722657002,1,1.8482711,1.7508249
2025-06-24,0.6304723722657002,3,1.8485829,1.7213211
2025-06-24,0.6304723722657002,5,1.8444412,1.6407937
2025-06-24,0.6304723722657002,10,1.3111328,1.4076073
2025-06-24,0.6304723722657002,21,0.6807676,1.165956
2025-06-25,-0.0014633147004339264,1,1.848796,1.7580993
2025-06-25,-0.0014633147004339264,3,1.8473635,1.7125633
2025-06-25,-0.0014633147004339264,5,1.8423953,1.6196014
2025-06-25,-0.0014633147004339264,10,1.2176405,1.3985128
2025-06-25,-0.0014633147004339264,21,0.695507,1.1469344
2025-06-26,-0.07905080889774041,1,1.8485829,1.7420042
2025-06-26,-0.07905080889774041,3,1.8444412,1.6747925
2025-06-26,-0.07905080889774041,5,1.8424033,1.6092592
2025-06-26,-0.07905080889774041,10,0.92287976,1.3110781
2025-06-26,-0.07905080889774041,21,0.6956239,0.9962153
2025-06-27,0.42161320130942315,1,1.8473635,1.6486177
2025-06-27,0.42161320130942315,3,1.8423953,1.5674491
2025-06-27,0.42161320130942315,5,1.6028297,1.4225266
2025-06-27,0.42161320130942315,10,0.7508795,1.1909375
2025-06-27,0.42161320130942315,21,0.6925897,0.921232
2025-06-30,0.33703275931458165,1,1.8444412,1.7474027
2025-06-30,0.33703275931458165,3,1.8424033,1.657345
2025-06-30,0.33703275931458165,5,1.587107,1.5493233
2025-06-30,0.33703275931458165,10,0.7385597,1.3413978
2025-06-30,0.33703275931458165,21,0.6916873,1.0645227
2025-07-01,0.1285445235119198,1,1.8423953,1.934643
2025-07-01,0.1285445235119198,3,1.6028297,1.8187833
2025-07-01,0.1285445235119198,5,1.3111328,1.6555251
2025-07-01,0.1285445235119198,10,0.7205913,1.4004571
2025-07-01,0.1285445235119198,21,0.70616937,1.1167892
2025-07-02,0.4887011387883611,1,1.8424033,1.8385696
2025-07-02,0.4887011387883611,3,1.587107,1.7322991
2025-07-02,0.4887011387883611,5,1.2176405,1.5338978
2025-07-02,0.4887011387883611,10,0.6884794,1.3010693
2025-07-02,0.4887011387883611,21,0.9174191,0.95470214
2025-07-03,-0.1901285566689559,1,1.6028297,1.5944254
2025-07-03,-0.1901285566689559,3,1.3111328,1.4960515
2025-07-03,-0.1901285566689559,5,0.92287976,1.3586469
2025-07-03,-0.1901285566689559,10,0.69923043,1.1784016
2025-07-03,-0.1901285566689559,21,0.9198969,0.9602861
2025-07-04,0.3618730316222063,1,1.587107,1.4620459
2025-07-04,0.3618730316222063,3,1.2176405,1.3724627
2025-07-04,0.3618730316222063,5,0.7508795,1.2700384
2025-07-04,0.3618730316222063,10,0.70472914,1.1031852
2025-07-04,0.3618730316222063,21,0.9094374,0.90793943
2025-07-07,1.0821072019611577,1,1.3111328,1.1488836
2025-07-07,1.0821072019611577,3,0.92287976,1.0832708
2025-07-07,1.0821072019611577,5,0.7385597,0.99770224
2025-07-07,1.0821072019611577,10,0.6886316,0.9229596
2025-07-07,1.0821072019611577,21,0.912736,0.8725582
2025-07-08,0.9511982902277616,1,1.2176405,0.98337847
2025-07-08,0.9511982902277616,3,0.7508795,0.93268555
2025-07-08,0.9511982902277616,5,0.7205913,0.89094335
2025-07-08,0.9511982902277616,10,0.6715045,0.88489026
2025-07-08,0.9511982902277616,21,0.9367649,0.93747014
2025-07-09,1.1142528816725061,1,0.92287976,0.9860774
2025-07-09,1.1142528816725061,3,0.7385597,0.96558446
2025-07-09,1.1142528816725061,5,0.6884794,0.92369264
2025-07-09,1.1142528816725061,10,0.6807676,0.91595745
2025-07-09,1.1142528816725061,21,0.9424027,1.0652535
2025-07-10,0.995503466324088,1,0.7508795,0.72489315
2025-07-10,0.995503466324088,3,0.7205913,0.7287628
2025-07-10,0.995503466324088,5,0.69923043,0.7251863
2025-07-10,0.995503466324088,10,0.695507,0.7212468
2025-07-10,0.995503466324088,21,0.95170337,0.77674437
2025-07-11,0.8348880898786604,1,0.7385597,0.7288719
2025-07-11,0.8348880898786604,3,0.6884794,0.73037505
2025-07-11,0.8348880898786604,5,0.70472914,0.7169135
2025-07-11,0.8348880898786604,10,0.6956239,0.70954484
2025-07-11,0.8348880898786604,21,0.95205575,0.7434602
2025-07-14,0.8647063284394463,1,0.7205913,0.7734461
2025-07-14,0.8647063284394463,3,0.69923043,0.7842433
2025-07-14,0.8647063284394463,5,0.6886316,0.761032
2025-07-14,0.8647063284394463,10,0.6925897,0.7583956
2025-07-14,0.8647063284394463,21,0.9390078,0.8093289
2025-07-15,-0.6666532142663328,1,0.6884794,0.786268
2025-07-15,-0.6666532142663328,3,0.70472914,0.7974607
2025-07-15,-0.6666532142663328,5,0.6715045,0.7630007
2025-07-15,-0.6666532142663328,10,0.6916873,0.7680969
2025-07-15,-0.6666532142663328,21,0.93575996,0.8022002
2025-07-16,1.0095040978198355,1,0.69923043,0.7988195
2025-07-16,1.0095040978198355,3,0.6886316,0.80803126
2025-07-16,1.0095040978198355,5,0.6807676,0.79575187
2025-07-16,1.0095040978198355,10,0.70616937,0.8043627
2025-07-16,1.0095040978198355,21,0.9260776,0.8470394
2025-07-17,0.9806248240901816,1,0.70472914,0.79203194
2025-07-17,0.9806248240901816,3,0.6715045,0.79476106
2025-07-17,0.9806248240901816,5,0.695507,0.78556067
2025-07-17,0.9806248240901816,10,0.9174191,0.79397917
2025-07-17,0.9806248240901816,21,0.9255709,0.841488
2025-07-18,0.48672973514714,1,0.6886316,0.765384
2025-07-18,0.48672973514714,3,0.6807676,0.773357
2025-07-18,0.48672973514714,5,0.6956239,0.7651244
2025-07-18,0.48672973514714,10,0.9198969,0.7894165
2025-07-18,0.48672973514714,21,0.93429345,0.85543585
2025-07-21,-0.8201686974204314,1,0.6715045,0.70967317
2025-07-21,-0.8201686974204314,3,0.695507,0.72340375
2025-07-21,-0.8201686974204314,5,0.6925897,0.71402323
2025-07-21,-0.8201686974204314,10,0.9094374,0.7455834
2025-07-21,-0.8201686974204314,21,0.94260424,0.8152773
2025-07-22,1.6356526932834292,1,0.6807676,0.6836455
2025-07-22,1.6356526932834292,3,0.6956239,0.6802248
2025-07-22,1.6356526932834292,5,0.6916873,0.6590618
2025-07-22,1.6356526932834292,10,0.912736,0.65851927
2025-07-22,1.6356526932834292,21,0.93349534,0.66278815
2025-07-23,0.18333145429725306,1,0.695507,0.70169383
2025-07-23,0.18333145429725306,3,0.6925897,0.71852756
2025-07-23,0.18333145429725306,5,0.70616937,0.6901283
2025-07-23,0.18333145429725306,10,0.9367649,0.711754
2025-07-23,0.18333145429725306,21,0.93797654,0.74548596
2025-07-24,0.5742879237306653,1,0.6956239,0.7835311
2025-07-24,0.5742879237306653,3,0.6916873,0.80804217
2025-07-24,0.5742879237306653,5,0.9174191,0.7779936
2025-07-24,0.5742879237306653,10,0.9424027,0.7965601
2025-07-24,0.5742879237306653,21,0.9382034,0.86465806
2025-07-25,0.6624862458457059,1,0.6925897,0.72811633
2025-07-25,0.6624862458457059,3,0.70616937,0.7383661
2025-07-25,0.6624862458457059,5,0.9198969,0.71821207
2025-07-25,0.6624862458457059,10,0.95170337,0.73781383
2025-07-25,0.6624862458457059,21,0.9465413,0.78824437
2025-07-28,1.7024581101225955,1,0.6916873,0.74060196
2025-07-28,1.7024581101225955,3,0.9174191,0.75508684
2025-07-28,1.7024581101225955,5,0.9094374,0.73419064
2025-07-28,1.7024581101225955,10,0.95205575,0.7487224
2025-07-28,1.7024581101225955,21,1.0095664,0.76891977
2025-07-29,-4.196851026762349,1,0.70616937,0.7289708
2025-07-29,-4.196851026762349,3,0.9198969,0.75110453
2025-07-29,-4.196851026762349,5,0.912736,0.73545295
2025-07-29,-4.196851026762349,10,0.9390078,0.7563385
2025-07-29,-4.196851026762349,21,1.0509386,0.8000628
2025-07-30,0.9476785663674825,1,0.9174191,0.93282765
2025-07-30,0.9476785663674825,3,0.9094374,0.9554201
2025-07-30,0.9476785663674825,5,0.9367649,0.9434579
2025-07-30,0.9476785663674825,10,0.93575996,0.95703095
2025-07-30,0.9476785663674825,21,1.1152908,0.98686427
2025-07-31,-0.3395182903638272,1,0.9198969,0.94463503
2025-07-31,-0.3395182903638272,3,0.912736,0.977182
2025-07-31,-0.3395182903638272,5,0.9424027,0.96381223
2025-07-31,-0.3395182903638272,10,0.9260776,0.99377763
2025-07-31,-0.3395182903638272,21,1.1136497,1.0769515
2025-08-01,-0.4877033281382559,1,0.9094374,0.92292124
2025-08-01,-0.4877033281382559,3,0.9367649,0.9437879
2025-08-01,-0.4877033281382559,5,0.95170337,0.935044
2025-08-01,-0.4877033281382559,10,0.9255709,0.9697933
2025-08-01,-0.4877033281382559,21,1.110672,1.0434513
2025-08-04,2.181736335846285,1,0.912736,0.89622265
2025-08-04,2.181736335846285,3,0.9424027,0.9015382
2025-08-04,2.181736335846285,5,0.95205575,0.9034143
2025-08-04,2.181736335846285,10,0.93429345,0.91938764
2025-08-04,2.181736335846285,21,1.098683,0.976872
2025-08-05,1.2330500188300064,1,0.9367649,0.93612367
2025-08-05,1.2330500188300064,3,0.95170337,0.95470595
2025-08-05,1.2330500188300064,5,0.9390078,0.9430418
2025-08-05,1.2330500188300064,10,0.94260424,0.97006124
2025-08-05,1.2330500188300064,21,1.0735496,1.0432581
2025-08-06,1.7021360303685285,1,0.9424027,1.0075474
2025-08-06,1.7021360303685285,3,0.95205575,1.0113345
2025-08-06,1.7021360303685285,5,0.93575996,0.99055886
2025-08-06,1.7021360303685285,10,0.93349534,1.0292219
2025-08-06,1.7021360303685285,21,1.0752519,1.0840818
2025-08-07,0.5133871939158041,1,0.95170337,0.94405025
2025-08-07,0.5133871939158041,3,0.9390078,0.9479633
2025-08-07,0.5133871939158041,5,0.9260776,0.9445079
2025-08-07,0.5133871939158041,10,0.93797654,0.95149165
2025-08-07,0.5133871939158041,21,1.1087974,0.9860385
2025-08-08,0.19831000953987044,1,0.95205575,0.9692274
2025-08-08,0.19831000953987044,3,0.93575996,0.96409494
2025-08-08,0.19831000953987044,5,0.9255709,0.95209426
2025-08-08,0.19831000953987044,10,0.9382034,0.97523934
2025-08-08,0.19831000953987044,21,1.1719254,1.0240986
2025-08-11,0.7486339929092978,1,0.9390078,0.94741035
2025-08-11,0.7486339929092978,3,0.9260776,0.9537923
2025-08-11,0.7486339929092978,5,0.93429345,0.9230518
2025-08-11,0.7486339929092978,10,0.9465413,0.9599996
2025-08-11,0.7486339929092978,21,1.1671906,1.0036083
2025-08-12,0.708877629929372,1,0.93575996,0.9052161
2025-08-12,0.708877629929372,3,0.9255709,0.8964081
2025-08-12,0.708877629929372,5,0.94260424,0.86123747
2025-08-12,0.708877629929372,10,1.0095664,0.8987956
2025-08-12,0.708877629929372,21,1.1540797,0.9144364
2025-08-13,0.20994970163270565,1,0.9260776,0.86392736
2025-08-13,0.20994970163270565,3,0.93429345,0.8467532
2025-08-13,0.20994970163270565,5,0.93349534,0.8309995
2025-08-13,0.20994970163270565,10,1.0509386,0.8656858
2025-08-13,0.20994970163270565,21,1.155153,0.86604244
2025-08-14,1.7889410725601351,1,0.9255709,0.89573675
2025-08-14,1.7889410725601351,3,0.94260424,0.9099913
2025-08-14,1.7889410725601351,5,0.93797654,0.88930416
2025-08-14,1.7889410725601351,10,1.1152908,0.91615033
2025-08-14,1.7889410725601351,21,1.154269,0.97758585
2025-08-15,-0.6536870241985682,1,0.93429345,0.8772452
2025-08-15,-0.6536870241985682,3,0.93349534,0.88766986
2025-08-15,-0.6536870241985682,5,0.9382034,0.86758316
2025-08-15,-0.6536870241985682,10,1.1136497,0.89060944
2025-08-15,-0.6536870241985682,21,1.1577086,0.985377
2025-08-18,0.3900359160450506,1,0.94260424,0.903167
2025-08-18,0.3900359160450506,3,0.93797654,0.9102369
2025-08-18,0.3900359160450506,5,0.9465413,0.8864667
2025-08-18,0.3900359160450506,10,1.110672,0.905065
2025-08-18,0.3900359160450506,21,1.158033,0.9506542
2025-08-19,1.0837134296547646,1,0.93349534,0.8010019
2025-08-19,1.0837134296547646,3,0.9382034,0.8114852
2025-08-19,1.0837134296547646,5,1.0095664,0.786154
2025-08-19,1.0837134296547646,10,1.098683,0.7981307
2025-08-19,1.0837134296547646,21,1.1638573,0.82287186
2025-08-20,0.61231568777389,1,0.93797654,0.83483595
2025-08-20,0.61231568777389,3,0.9465413,0.8479013
2025-08-20,0.61231568777389,5,1.0509386,0.8211846
2025-08-20,0.61231568777389,10,1.0735496,0.8506718
2025-08-20,0.61231568777389,21,1.1665924,0.90346783
2025-08-21,1.4103731020357557,1,0.9382034,0.96392506
2025-08-21,1.4103731020357557,3,1.0095664,0.98077285
2025-08-21,1.4103731020357557,5,1.1152908,0.9695732
2025-08-21,1.4103731020357557,10,1.0752519,0.9757882
2025-08-21,1.4103731020357557,21,1.1695325,1.0372295
2025-08-22,-2.551833847927032,1,0.9465413,0.9220733
2025-08-22,-2.551833847927032,3,1.0509386,0.9494831
2025-08-22,-2.551833847927032,5,1.1136497,0.9386454
2025-08-22,-2.551833847927032,10,1.1087974,0.94683325
2025-08-22,-2.551833847927032,21,1.1908047,1.0451007
2025-08-25,-1.9291900658886085,1,1.0095664,1.0238729
2025-08-25,-1.9291900658886085,3,1.1152908,1.0595468
2025-08-25,-1.9291900658886085,5,1.110672,1.0573797
2025-08-25,-1.9291900658886085,10,1.1719254,1.0773761
2025-08-25,-1.9291900658886085,21,1.1911211,1.2278094
2025-08-26,3.2669299752720704,1,1.0509386,1.0394363
2025-08-26,3.2669299752720704,3,1.1136497,1.0682783
2025-08-26,3.2669299752720704,5,1.098683,1.0642023
2025-08-26,3.2669299752720704,10,1.1671906,1.0786263
2025-08-26,3.2669299752720704,21,1.1987541,1.2054034
2025-08-27,0.308345627056994,1,1.1152908,1.1541412
2025-08-27,0.308345627056994,3,1.110672,1.1866183
2025-08-27,0.308345627056994,5,1.0735496,1.2009423
2025-08-27,0.308345627056994,10,1.1540797,1.2066451
2025-08-27,0.308345627056994,21,1.1988117,1.3702347
2025-08-28,0.4818654139627121,1,1.1136497,1.1835248
2025-08-28,0.4818654139627121,3,1.098683,1.1899499
2025-08-28,0.4818654139627121,5,1.0752519,1.1977009
2025-08-28,0.4818654139627121,10,1.155153,1.2185092
2025-08-28,0.4818654139627121,21,1.2013794,1.3463224
2025-08-29,0.08028379263658181,1,1.110672,1.1414421
2025-08-29,0.08028379263658181,3,1.0735496,1.1575875
2025-08-29,0.08028379263658181,5,1.1087974,1.1746591
2025-08-29,0.08028379263658181,10,1.154269,1.1914314
2025-08-29,0.08028379263658181,21,1.1996713,1.3145186
2025-09-03,-0.05411014221472499,1,1.098683,1.149615
2025-09-03,-0.05411014221472499,3,1.0752519,1.1530085
2025-09-03,-0.05411014221472499,5,1.1719254,1.165195
2025-09-03,-0.05411014221472499,10,1.1577086,1.2111409
2025-09-03,-0.05411014221472499,21,1.2020973,1.3962381
2025-09-04,0.8876209615782393,1,1.0735496,1.1241477
2025-09-04,0.8876209615782393,3,1.1087974,1.1288133
2025-09-04,0.8876209615782393,5,1.1671906,1.1149153
2025-09-04,0.8876209615782393,10,1.158033,1.1611637
2025-09-04,0.8876209615782393,21,1.1978418,1.3229053
2025-09-05,-1.7435906112527988,1,1.0752519,1.0507777
2025-09-05,-1.7435906112527988,3,1.1719254,1.040965
2025-09-05,-1.7435906112527988,5,1.1540797,1.0341582
2025-09-05,-1.7435906112527988,10,1.1638573,1.0678846
2025-09-05,-1.7435906112527988,21,1.2018148,1.239385
2025-09-08,-2.5789064028815645,1,1.1087974,1.1225972
2025-09-08,-2.5789064028815645,3,1.1671906,1.1146587
2025-09-08,-2.5789064028815645,5,1.155153,1.1003697
2025-09-08,-2.5789064028815645,10,1.1665924,1.1555989
2025-09-08,-2.5789064028815645,21,1.19963,1.2711174
2025-09-09,0.7842215643914408,1,1.1719254,1.1869967
2025-09-09,0.7842215643914408,3,1.1540797,1.1946484
2025-09-09,0.7842215643914408,5,1.154269,1.1967121
2025-09-09,0.7842215643914408,10,1.1695325,1.2494215
2025-09-09,0.7842215643914408,21,1.2464191,1.3983102
2025-09-10,0.36213148232260295,1,1.1671906,1.1549013
2025-09-10,0.36213148232260295,3,1.155153,1.168572
2025-09-10,0.36213148232260295,5,1.1577086,1.1550038
2025-09-10,0.36213148232260295,10,1.1908047,1.2154099
2025-09-10,0.36213148232260295,21,1.2490699,1.3656635
2025-09-11,0.8779187622515394,1,1.1540797,1.1196437
2025-09-11,0.8779187622515394,3,1.154269,1.1392435
2025-09-11,0.8779187622515394,5,1.158033,1.1328778
2025-09-11,0.8779187622515394,10,1.1911211,1.2126762
2025-09-11,0.8779187622515394,21,1.24814,1.3259063
2025-09-12,0.5720299146185326,1,1.155153,1.0819361
2025-09-12,0.5720299146185326,3,1.1577086,1.0863136
2025-09-12,0.5720299146185326,5,1.1638573,1.0721598
2025-09-12,0.5720299146185326,10,1.1987541,1.116127
2025-09-12,0.5720299146185326,21,1.2471602,1.2101362
2025-09-15,1.052465444917683,1,1.154269,1.0415986
2025-09-15,1.052465444917683,3,1.158033,1.0485023
2025-09-15,1.052465444917683,5,1.1665924,1.041993
2025-09-15,1.052465444917683,10,1.1988117,1.1125715
2025-09-15,1.052465444917683,21,1.2589219,1.2869875
2025-09-16,-0.2376850604990821,1,1.1577086,1.1909149
2025-09-16,-0.2376850604990821,3,1.1638573,1.1763697
2025-09-16,-0.2376850604990821,5,1.1695325,1.1818912
2025-09-16,-0.2376850604990821,10,1.2013794,1.2049038
2025-09-16,-0.2376850604990821,21,1.2591072,1.2665567
2025-09-17,-0.5925068126482635,1,1.158033,1.1915586
2025-09-17,-0.5925068126482635,3,1.1665924,1.1999868
2025-09-17,-0.5925068126482635,5,1.1908047,1.1929334
2025-09-17,-0.5925068126482635,10,1.1996713,1.2310029
2025-09-17,-0.5925068126482635,21,1.260513,1.3573968
2025-09-18,-0.3471070433474388,1,1.1638573,1.2236114
2025-09-18,-0.3471070433474388,3,1.1695325,1.2341402
2025-09-18,-0.3471070433474388,5,1.1911211,1.2349243
2025-09-18,-0.3471070433474388,10,1.2020973,1.2868296
2025-09-18,-0.3471070433474388,21,1.2539086,1.4095608
2025-09-19,-0.39472943725158416,1,1.1665924,1.1964717
2025-09-19,-0.39472943725158416,3,1.1908047,1.1952575
2025-09-19,-0.39472943725158416,5,1.1987541,1.1942233
2025-09-19,-0.39472943725158416,10,1.1978418,1.2081668
2025-09-19,-0.39472943725158416,21,1.2418493,1.3250968
2025-09-22,-1.4679575005121848,1,1.1695325,1.2500973
2025-09-22,-1.4679575005121848,3,1.1911211,1.2578803
2025-09-22,-1.4679575005121848,5,1.1988117,1.2586591
2025-09-22,-1.4679575005121848,10,1.2018148,1.2608297
2025-09-22,-1.4679575005121848,21,1.2763135,1.4402807
2025-09-23,0.04954567937636156,1,1.1908047,1.3154492
2025-09-23,0.04954567937636156,3,1.1987541,1.3149738
2025-09-23,0.04954567937636156,5,1.2013794,1.3281603
2025-09-23,0.04954567937636156,10,1.19963,1.3586811
2025-09-23,0.04954567937636156,21,1.479022,1.52892
2025-09-24,1.3484496943285684,1,1.1911211,1.246588
2025-09-24,1.3484496943285684,3,1.1988117,1.2650187
2025-09-24,1.3484496943285684,5,1.1996713,1.2682813
2025-09-24,1.3484496943285684,10,1.2464191,1.3123312
2025-09-24,1.3484496943285684,21,1.4901693,1.4612985
2025-09-25,0.51932538375139,1,1.1987541,1.2759964
2025-09-25,0.51932538375139,3,1.2013794,1.2755685
2025-09-25,0.51932538375139,5,1.2020973,1.2868024
2025-09-25,0.51932538375139,10,1.2490699,1.3464717
2025-09-25,0.51932538375139,21,1.4796495,1.5195954
2025-09-26,-0.3240363663609358,1,1.1988117,1.235615
2025-09-26,-0.3240363663609358,3,1.1996713,1.2226436
2025-09-26,-0.3240363663609358,5,1.1978418,1.2209147
2025-09-26,-0.3240363663609358,10,1.24814,1.280696
2025-09-26,-0.3240363663609358,21,1.3690847,1.4398329
2025-09-29,0.34744172629519454,1,1.2013794,1.237989
2025-09-29,0.34744172629519454,3,1.2020973,1.2142787
2025-09-29,0.34744172629519454,5,1.2018148,1.2157743
2025-09-29,0.34744172629519454,10,1.2471602,1.2678211
2025-09-29,0.34744172629519454,21,1.3667121,1.3913945
2025-09-30,-0.28724427684920784,1,1.1996713,1.2354295
2025-09-30,-0.28724427684920784,3,1.1978418,1.2090042
2025-09-30,-0.28724427684920784,5,1.19963,1.210744
2025-09-30,-0.28724427684920784,10,1.2589219,1.2580302
2025-09-30,-0.28724427684920784,21,1.3895226,1.3664563
2025-10-01,0.201397828651384,1,1.2020973,1.2737427
2025-10-01,0.201397828651384,3,1.2018148,1.2664714
2025-10-01,0.201397828651384,5,1.2464191,1.2692437
2025-10-01,0.201397828651384,10,1.2591072,1.3091586
2025-10-01,0.201397828651384,21,1.4003475,1.385402
2025-10-02,-0.7438788160299303,1,1.1978418,1.308661
2025-10-02,-0.7438788160299303,3,1.19963,1.2978935
2025-10-02,-0.7438788160299303,5,1.2490699,1.3023784
2025-10-02,-0.7438788160299303,10,1.260513,1.3544934
2025-10-02,-0.7438788160299303,21,1.3763902,1.4509954
2025-10-03,-0.4177624590752771,1,1.2018148,1.215375
2025-10-03,-0.4177624590752771,3,1.2464191,1.2083858
2025-10-03,-0.4177624590752771,5,1.24814,1.200083
2025-10-03,-0.4177624590752771,10,1.2539086,1.2367523
2025-10-03,-0.4177624590752771,21,1.3767459,1.2917215
2025-10-06,2.9738942323064066,1,1.19963,1.2617669
2025-10-06,2.9738942323064066,3,1.2490699,1.2703196
2025-10-06,2.9738942323064066,5,1.2471602,1.2556846
2025-10-06,2.9738942323064066,10,1.2418493,1.271162
2025-10-06,2.9738942323064066,21,1.3831381,1.3024157
2025-10-07,-0.603409308371905,1,1.2464191,1.2892118
2025-10-07,-0.603409308371905,3,1.24814,1.2928354
2025-10-07,-0.603409308371905,5,1.2589219,1.2963328
2025-10-07,-0.603409308371905,10,1.2763135,1.3385684
2025-10-07,-0.603409308371905,21,1.3943682,1.425559
2025-10-08,0.7407375591568233,1,1.2490699,1.2777743
2025-10-08,0.7407375591568233,3,1.2471602,1.2476234
2025-10-08,0.7407375591568233,5,1.2591072,1.2273722
2025-10-08,0.7407375591568233,10,1.479022,1.2072636
2025-10-08,0.7407375591568233,21,1.4200447,1.2153022
2025-10-09,1.091889124647949,1,1.24814,1.3162985
2025-10-09,1.091889124647949,3,1.2589219,1.2874848
2025-10-09,1.091889124647949,5,1.260513,1.2439945
2025-10-09,1.091889124647949,10,1.4901693,1.2076488
2025-10-09,1.091889124647949,21,1.4173669,1.199098
2025-10-10,1.7944950681909155,1,1.2471602,1.3107328
2025-10-10,1.7944950681909155,3,1.2591072,1.2863753
2025-10-10,1.7944950681909155,5,1.2539086,1.2607839
2025-10-10,1.7944950681909155,10,1.4796495,1.2472527
2025-10-10,1.7944950681909155,21,1.4184667,1.2726493
2025-10-13,1.0003869722896575,1,1.2589219,1.359659
2025-10-13,1.0003869722896575,3,1.260513,1.3256109
2025-10-13,1.0003869722896575,5,1.2418493,1.2981408
2025-10-13,1.0003869722896575,10,1.3690847,1.2724512
2025-10-13,1.0003869722896575,21,1.4603654,1.2795409
2025-10-14,-0.2302776258788164,1,1.2591072,1.37622
2025-10-14,-0.2302776258788164,3,1.2539086,1.3611659
2025-10-14,-0.2302776258788164,5,1.2763135,1.3225355
2025-10-14,-0.2302776258788164,10,1.3667121,1.278461
2025-10-14,-0.2302776258788164,21,1.4485638,1.3306385
2025-10-15,-0.1767543036075736,1,1.260513,1.3610454
2025-10-15,-0.1767543036075736,3,1.2418493,1.3205596
2025-10-15,-0.1767543036075736,5,1.479022,1.2929311
2025-10-15,-0.1767543036075736,10,1.3895226,1.2440283
2025-10-15,-0.1767543036075736,21,1.4508542,1.2847168
2025-10-16,0.5049942642939342,1,1.2539086,1.3166544
2025-10-16,0.5049942642939342,3,1.2763135,1.2634437
2025-10-16,0.5049942642939342,5,1.4901693,1.2151129
2025-10-16,0.5049942642939342,10,1.4003475,1.1852839
2025-10-16,0.5049942642939342,21,1.4824301,1.1997737
2025-10-17,-2.0389266777534942,1,1.2418493,1.3170462
2025-10-17,-2.0389266777534942,3,1.479022,1.2671018
2025-10-17,-2.0389266777534942,5,1.4796495,1.2225652
2025-10-17,-2.0389266777534942,10,1.3763902,1.2004892
2025-10-17,-2.0389266777534942,21,1.4756436,1.2186162
2025-10-20,-5.62919934822359,1,1.2763135,1.3280494
2025-10-20,-5.62919934822359,3,1.4901693,1.2793014
2025-10-20,-5.62919934822359,5,1.3690847,1.2367535
2025-10-20,-5.62919934822359,10,1.3767459,1.2103648
2025-10-20,-5.62919934822359,21,1.473759,1.2318909
2025-10-21,1.6364695808104734,1,1.479022,1.5757024
2025-10-21,1.6364695808104734,3,1.4796495,1.5421522
2025-10-21,1.6364695808104734,5,1.3667121,1.5023139
2025-10-21,1.6364695808104734,10,1.3831381,1.4786998
2025-10-21,1.6364695808104734,21,1.4699275,1.4338653
2025-10-22,0.9018801798852394,1,1.4901693,1.5080321
2025-10-22,0.9018801798852394,3,1.3690847,1.4605794
2025-10-22,0.9018801798852394,5,1.3895226,1.4218615
2025-10-22,0.9018801798852394,10,1.3943682,1.3754166
2025-10-22,0.9018801798852394,21,1.4334925,1.2843194
2025-10-23,0.5086831587077789,1,1.4796495,1.4364326
2025-10-23,0.5086831587077789,3,1.3667121,1.4054682
2025-10-23,0.5086831587077789,5,1.4003475,1.3429248
2025-10-23,0.5086831587077789,10,1.4200447,1.3013849
2025-10-23,0.5086831587077789,21,1.4138842,1.2385378
2025-10-24,-0.23025076636473685,1,1.3690847,1.3337955
2025-10-24,-0.23025076636473685,3,1.3895226,1.3264158
2025-10-24,-0.23025076636473685,5,1.3763902,1.2948292
2025-10-24,-0.23025076636473685,10,1.4173669,1.3102067
2025-10-24,-0.23025076636473685,21,1.3510402,1.2915242
2025-10-27,-1.8371363161767462,1,1.3667121,1.2751474
2025-10-27,-1.8371363161767462,3,1.4003475,1.2870188
2025-10-27,-1.8371363161767462,5,1.3767459,1.2628276
2025-10-27,-1.8371363161767462,10,1.4184667,1.2723327
2025-10-27,-1.8371363161767462,21,1.350411,1.2579504
2025-10-28,1.6777869983407356,1,1.3895226,1.3469527
2025-10-28,1.6777869983407356,3,1.3763902,1.3533169
2025-10-28,1.6777869983407356,5,1.3831381,1.3324165
2025-10-28,1.6777869983407356,10,1.4603654,1.3391056
2025-10-28,1.6777869983407356,21,1.3528408,1.3363609
2025-10-29,0.3166655945182839,1,1.4003475,1.3419621
2025-10-29,0.3166655945182839,3,1.3767459,1.356702
2025-10-29,0.3166655945182839,5,1.3943682,1.3326882
2025-10-29,0.3166655945182839,10,1.4485638,1.3466711
2025-10-29,0.3166655945182839,21,1.3539773,1.3684238
2025-10-30,-0.9691915884443958,1,1.3763902,1.3251641
2025-10-30,-0.9691915884443958,3,1.3831381,1.3285385
2025-10-30,-0.9691915884443958,5,1.4200447,1.3108877
2025-10-30,-0.9691915884443958,10,1.4508542,1.3105628
2025-10-30,-0.9691915884443958,21,1.3629285,1.3051605
2025-10-31,-1.8083303817944874,1,1.3767459,1.2836611
2025-10-31,-1.8083303817944874,3,1.3943682,1.2843535
2025-10-31,-1.8083303817944874,5,1.4173669,1.2833627
2025-10-31,-1.8083303817944874,10,1.4824301,1.2625291
2025-10-31,-1.8083303817944874,21,1.3583918,1.2603798
2025-11-03,-1.391022383084728,1,1.3831381,1.3749504
2025-11-03,-1.391022383084728,3,1.4200447,1.3899927
2025-11-03,-1.391022383084728,5,1.4184667,1.3853589
2025-11-03,-1.391022383084728,10,1.4756436,1.3825458
2025-11-03,-1.391022383084728,21,1.340423,1.4127148
2025-11-04,2.1401987893002072,1,1.3943682,1.4146712
2025-11-04,2.1401987893002072,3,1.4173669,1.4416739
2025-11-04,2.1401987893002072,5,1.4603654,1.4141872
2025-11-04,2.1401987893002072,10,1.473759,1.4202936
2025-11-04,2.1401987893002072,21,1.2988782,1.4930413
2025-11-05,0.1759972875343685,1,1.4200447,1.4194064
2025-11-05,0.1759972875343685,3,1.4184667,1.4244604
2025-11-05,0.1759972875343685,5,1.4485638,1.3983878
2025-11-05,0.1759972875343685,10,1.4699275,1.3813992
2025-11-05,0.1759972875343685,21,1.300016,1.408696
2025-11-06,-0.7429837698208708,1,1.4173669,1.4004624
2025-11-06,-0.7429837698208708,3,1.4603654,1.3929329
2025-11-06,-0.7429837698208708,5,1.4508542,1.3870518
2025-11-06,-0.7429837698208708,10,1.4334925,1.3423344
2025-11-06,-0.7429837698208708,21,1.3033113,1.3789675
2025-11-07,-2.6863732681847274,1,1.4184667,1.3207967
2025-11-07,-2.6863732681847274,3,1.4485638,1.3045424
2025-11-07,-2.6863732681847274,5,1.4824301,1.2881119
2025-11-07,-2.6863732681847274,10,1.4138842,1.2476639
2025-11-07,-2.6863732681847274,21,1.2996092,1.291136
2025-11-10,-1.167441018328308,1,1.4603654,1.4689701
2025-11-10,-1.167441018328308,3,1.4508542,1.4696085
2025-11-10,-1.167441018328308,5,1.4756436,1.4431777
2025-11-10,-1.167441018328308,10,1.3510402,1.4279988
2025-11-10,-1.167441018328308,21,1.2981887,1.4400711
2025-11-11,0.8235322128933298,1,1.4485638,1.3479035
2025-11-11,0.8235322128933298,3,1.4824301,1.3164388
2025-11-11,0.8235322128933298,5,1.473759,1.3002638
2025-11-11,0.8235322128933298,10,1.350411,1.2579831
2025-11-11,0.8235322128933298,21,1.2946211,1.2957561
2025-11-12,2.3718585619595167,1,1.4508542,1.5899832
2025-11-12,2.3718585619595167,3,1.4756436,1.591337
2025-11-12,2.3718585619595167,5,1.4699275,1.5679532
2025-11-12,2.3718585619595167,10,1.3528408,1.5181284
2025-11-12,2.3718585619595167,21,1.2952803,1.5125118
2025-11-13,-0.025740814654984234,1,1.4824301,1.5408418
2025-11-13,-0.025740814654984234,3,1.473759,1.5446148
2025-11-13,-0.025740814654984234,5,1.4334925,1.5398362
2025-11-13,-0.025740814654984234,10,1.3539773,1.4874197
2025-11-13,-0.025740814654984234,21,1.3106956,1.4676464
2025-11-14,0.24610499427693,1,1.4756436,1.4167883
2025-11-14,0.24610499427693,3,1.4699275,1.4287485
2025-11-14,0.24610499427693,5,1.4138842,1.397499
2025-11-14,0.24610499427693,10,1.3629285,1.372128
2025-11-14,0.24610499427693,21,1.3191051,1.3370976
2025-11-17,1.1526383889032488,1,1.473759,1.4837921
2025-11-17,1.1526383889032488,3,1.4334925,1.4768264
2025-11-17,1.1526383889032488,5,1.3510402,1.4426241
2025-11-17,1.1526383889032488,10,1.3583918,1.3992722
2025-11-17,1.1526383889032488,21,1.378238,1.3668549
2025-11-18,0.33189142023015705,1,1.4699275,1.4457433
2025-11-18,0.33189142023015705,3,1.4138842,1.4488392
2025-11-18,0.33189142023015705,5,1.350411,1.4148691
2025-11-18,0.33189142023015705,10,1.340423,1.3848274
2025-11-18,0.33189142023015705,21,1.3651646,1.389504
2025-11-19,-0.6600364858596386,1,1.4334925,1.456141
2025-11-19,-0.6600364858596386,3,1.3510402,1.458437
2025-11-19,-0.6600364858596386,5,1.3528408,1.438834
2025-11-19,-0.6600364858596386,10,1.2988782,1.3695669
2025-11-19,-0.6600364858596386,21,1.3885833,1.3819563
2025-11-20,0.4229973720030422,1,1.4138842,1.5054388
2025-11-20,0.4229973720030422,3,1.350411,1.4980496
2025-11-20,0.4229973720030422,5,1.3539773,1.4924037
2025-11-20,0.4229973720030422,10,1.300016,1.436651
2025-11-20,0.4229973720030422,21,1.3788958,1.5288471
2025-11-21,-0.06403054354775506,1,1.3510402,1.423039
2025-11-21,-0.06403054354775506,3,1.3528408,1.4527254
2025-11-21,-0.06403054354775506,5,1.3629285,1.4460113
2025-11-21,-0.06403054354775506,10,1.3033113,1.3783724
2025-11-21,-0.06403054354775506,21,1.3775551,1.4762281
2025-11-24,0.785460159498097,1,1.350411,1.2984664
2025-11-24,0.785460159498097,3,1.3539773,1.320899
2025-11-24,0.785460159498097,5,1.3583918,1.3147755
2025-11-24,0.785460159498097,10,1.2996092,1.256186
2025-11-24,0.785460159498097,21,1.3920183,1.3449459
2025-11-25,-0.4578867131014519,1,1.3528408,1.3579752
2025-11-25,-0.4578867131014519,3,1.3629285,1.377463
2025-11-25,-0.4578867131014519,5,1.340423,1.3524848
2025-11-25,-0.4578867131014519,10,1.2981887,1.303261
2025-11-25,-0.4578867131014519,21,1.432711,1.3973168
2025-11-26,1.1973609847567346,1,1.3539773,1.389771
2025-11-26,1.1973609847567346,3,1.3583918,1.3993762
2025-11-26,1.1973609847567346,5,1.2988782,1.3691006
2025-11-26,1.1973609847567346,10,1.2946211,1.3412652
2025-11-26,1.1973609847567346,21,1.4389383,1.4076679
2025-11-27,0.2353865347329176,1,1.3629285,1.3853798
2025-11-27,0.2353865347329176,3,1.340423,1.3874979
2025-11-27,0.2353865347329176,5,1.300016,1.355923
2025-11-27,0.2353865347329176,10,1.2952803,1.3183903
2025-11-27,0.2353865347329176,21,1.4402786,1.3446479
2025-11-28,0.3952234717523595,1,1.3583918,1.3874836
2025-11-28,0.3952234717523595,3,1.2988782,1.3759654
2025-11-28,0.3952234717523595,5,1.3033113,1.3594248
2025-11-28,0.3952234717523595,10,1.3106956,1.3105135
2025-11-28,0.3952234717523595,21,1.4683359,1.325804
2025-12-01,0.6295965572058471,1,1.340423,1.231091
2025-12-01,0.6295965572058471,3,1.300016,1.2208701
2025-12-01,0.6295965572058471,5,1.2996092,1.2071903
2025-12-01,0.6295965572058471,10,1.3191051,1.1899683
2025-12-01,0.6295965572058471,21,1.470874,1.2193031
2025-12-02,0.9003404165265572,1,1.2988782,1.2447004
2025-12-02,0.9003404165265572,3,1.3033113,1.2745409
2025-12-02,0.9003404165265572,5,1.2981887,1.2487206
2025-12-02,0.9003404165265572,10,1.378238,1.2590438
2025-12-02,0.9003404165265572,21,1.4332087,1.2302008
2025-12-03,0.8530480889278991,1,1.300016,1.2287819
2025-12-03,0.8530480889278991,3,1.2996092,1.248108
2025-12-03,0.8530480889278991,5,1.2946211,1.2368453
2025-12-03,0.8530480889278991,10,1.3651646,1.243648
2025-12-03,0.8530480889278991,21,1.4327992,1.228072
2025-12-04,0.3153640106811295,1,1.3033113,1.465338
2025-12-04,0.3153640106811295,3,1.2981887,1.4876251
2025-12-04,0.3153640106811295,5,1.2952803,1.4739707
2025-12-04,0.3153640106811295,10,1.3885833,1.4686637
2025-12-04,0.3153640106811295,21,1.4350784,1.4132574
2025-12-05,0.2345799337049037,1,1.2996092,1.3065863
2025-12-05,0.2345799337049037,3,1.2946211,1.3002967
2025-12-05,0.2345799337049037,5,1.3106956,1.3045933
2025-12-05,0.2345799337049037,10,1.3788958,1.2876499
2025-12-05,0.2345799337049037,21,1.4350784,1.1773151
2025-12-08,0.7107204042412718,1,1.2981887,1.238946
2025-12-08,0.7107204042412718,3,1.2952803,1.2254175
2025-12-08,0.7107204042412718,5,1.3191051,1.2319976
2025-12-08,0.7107204042412718,10,1.3775551,1.2013667
2025-12-08,0.7107204042412718,21,1.4350784,1.0850496
2025-12-09,-0.37533142599111,1,1.2946211,1.2874641
2025-12-09,-0.37533142599111,3,1.3106956,1.2980163
2025-12-09,-0.37533142599111,5,1.378238,1.2822719
2025-12-09,-0.37533142599111,10,1.3920183,1.2637511
2025-12-09,-0.37533142599111,21,1.4350784,1.1487122
2025-12-10,-1.626624442965774,1,1.2952803,1.2570834
2025-12-10,-1.626624442965774,3,1.3191051,1.287269
2025-12-10,-1.626624442965774,5,1.3651646,1.2651153
2025-12-10,-1.626624442965774,10,1.432711,1.2551321
2025-12-10,-1.626624442965774,21,1.4350784,1.222924
2025-12-11,-1.1750108855976826,1,1.3106956,1.3210385
2025-12-11,-1.1750108855976826,3,1.378238,1.3304873
2025-12-11,-1.1750108855976826,5,1.3885833,1.3090165
2025-12-11,-1.1750108855976826,10,1.4389383,1.2840581
2025-12-11,-1.1750108855976826,21,1.4350784,1.2512085
2025-12-12,-3.1092321940227485,1,1.3191051,1.4322553
2025-12-12,-3.1092321940227485,3,1.3651646,1.4340792
2025-12-12,-3.1092321940227485,5,1.3788958,1.4236517
2025-12-12,-3.1092321940227485,10,1.4402786,1.3902131
2025-12-12,-3.1092321940227485,21,1.4350784,1.3822064
2025-12-15,-0.053448329493743785,1,1.378238,1.5280848
2025-12-15,-0.053448329493743785,3,1.3885833,1.5253267
2025-12-15,-0.053448329493743785,5,1.3775551,1.5299435
2025-12-15,-0.053448329493743785,10,1.4683359,1.4695737
2025-12-15,-0.053448329493743785,21,1.4350784,1.4392997
2025-12-16,1.9951401449249673,1,1.3651646,1.3468668
2025-12-16,1.9951401449249673,3,1.3788958,1.3618698
2025-12-16,1.9951401449249673,5,1.3920183,1.3439112
2025-12-16,1.9951401449249673,10,1.470874,1.3081706
2025-12-16,1.9951401449249673,21,1.4350784,1.280229
2025-12-17,-0.32927339135557787,1,1.3885833,1.4465268
2025-12-17,-0.32927339135557787,3,1.3775551,1.455361
2025-12-17,-0.32927339135557787,5,1.432711,1.4444416
2025-12-17,-0.32927339135557787,10,1.4332087,1.4353139
2025-12-17,-0.32927339135557787,21,1.4350784,1.4233775
2025-12-18,0.19817116052571748,1,1.3788958,1.3591456
2025-12-18,0.19817116052571748,3,1.3920183,1.3664806
2025-12-18,0.19817116052571748,5,1.4389383,1.3373079
2025-12-18,0.19817116052571748,10,1.4327992,1.323175
2025-12-18,0.19817116052571748,21,1.4350784,1.3517694
2025-12-19,1.616578003191016,1,1.3775551,1.4343171
2025-12-19,1.616578003191016,3,1.432711,1.4281774
2025-12-19,1.616578003191016,5,1.4402786,1.415551
2025-12-19,1.616578003191016,10,1.4350784,1.3827965
2025-12-19,1.616578003191016,21,1.4350784,1.359766
2025-12-22,2.704384948033667,1,1.3920183,1.4242826
2025-12-22,2.704384948033667,3,1.4389383,1.4083648
2025-12-22,2.704384948033667,5,1.4683359,1.3466555
2025-12-22,2.704384948033667,10,1.4350784,1.3196342
2025-12-22,2.704384948033667,21,1.4350784,1.2808477
2025-12-23,1.198931248937285,1,1.432711,1.3287499
2025-12-23,1.198931248937285,3,1.4402786,1.3326088
2025-12-23,1.198931248937285,5,1.470874,1.2609003
2025-12-23,1.198931248937285,10,1.4350784,1.2306472
2025-12-23,1.198931248937285,21,1.4350784,1.2011501
2025-12-24,0.6002881622480416,1,1.4389383,1.4689448
2025-12-24,0.6002881622480416,3,1.4683359,1.4812279
2025-12-24,0.6002881622480416,5,1.4332087,1.4362276
2025-12-24,0.6002881622480416,10,1.4350784,1.4246457
2025-12-24,0.6002881622480416,21,1.4350784,1.3573209
2025-12-25,-2.2674676020774776,1,1.4402786,1.352746
2025-12-25,-2.2674676020774776,3,1.470874,1.3559389
2025-12-25,-2.2674676020774776,5,1.4327992,1.3200221
2025-12-25,-2.2674676020774776,10,1.4350784,1.2974131
2025-12-25,-2.2674676020774776,21,1.4350784,1.2305857
2025-12-26,-0.7515909424569145,1,1.4683359,1.4409149
2025-12-26,-0.7515909424569145,3,1.4332087,1.4198238
2025-12-26,-0.7515909424569145,5,1.4350784,1.3789873
2025-12-26,-0.7515909424569145,10,1.4350784,1.3246596
2025-12-26,-0.7515909424569145,21,1.4350784,1.1994762
2025-12-29,1.4371889780323777,1,1.470874,1.4782052
2025-12-29,1.4371889780323777,3,1.4327992,1.4420896
2025-12-29,1.4371889780323777,5,1.4350784,1.3917953
2025-12-29,1.4371889780323777,10,1.4350784,1.2620635
2025-12-29,1.4371889780323777,21,1.4350784,1.0742546
2025-12-30,0.6848913969869308,1,1.4332087,1.4730766
2025-12-30,0.6848913969869308,3,1.4350784,1.4453545
2025-12-30,0.6848913969869308,5,1.4350784,1.4088926
2025-12-30,0.6848913969869308,10,1.4350784,1.2787162
2025-12-30,0.6848913969869308,21,1.4350784,1.0895942
2025-12-31,0.9906061481317785,1,1.4327992,1.4923398
2025-12-31,0.9906061481317785,3,1.4350784,1.4421687
2025-12-31,0.9906061481317785,5,1.4350784,1.3889538
2025-12-31,0.9906061481317785,10,1.4350784,1.2674904
2025-12-31,0.9906061481317785,21,1.4350784,1.0974412
